0.000000000000000000e+00 9.086000000000000000e+03
1.000000000000000000e+00 1.159200000000000000e+04
2.000000000000000000e+00 1.286200000000000000e+04
3.000000000000000000e+00 1.323700000000000000e+04
4.000000000000000000e+00 1.391600000000000000e+04
5.000000000000000000e+00 1.391900000000000000e+04
6.000000000000000000e+00 1.427800000000000000e+04
7.000000000000000000e+00 1.049400000000000000e+04
8.000000000000000000e+00 1.368200000000000000e+04
9.000000000000000000e+00 1.693000000000000000e+04
1.000000000000000000e+01 1.659900000000000000e+04
1.100000000000000000e+01 1.656200000000000000e+04
1.200000000000000000e+01 1.680500000000000000e+04
1.300000000000000000e+01 1.561400000000000000e+04
1.400000000000000000e+01 1.227000000000000000e+04
1.500000000000000000e+01 1.499800000000000000e+04
1.600000000000000000e+01 1.742500000000000000e+04
1.700000000000000000e+01 1.682400000000000000e+04
1.800000000000000000e+01 1.832400000000000000e+04
1.900000000000000000e+01 1.872400000000000000e+04
2.000000000000000000e+01 1.865000000000000000e+04
2.100000000000000000e+01 1.535300000000000000e+04
2.200000000000000000e+01 1.787300000000000000e+04
2.300000000000000000e+01 2.285100000000000000e+04
2.400000000000000000e+01 2.329800000000000000e+04
2.500000000000000000e+01 2.484500000000000000e+04
2.600000000000000000e+01 2.515400000000000000e+04
2.700000000000000000e+01 2.651300000000000000e+04
2.800000000000000000e+01 2.443700000000000000e+04
2.900000000000000000e+01 2.886900000000000000e+04
3.000000000000000000e+01 3.583800000000000000e+04
3.100000000000000000e+01 3.968700000000000000e+04
3.200000000000000000e+01 4.090600000000000000e+04
3.300000000000000000e+01 4.381500000000000000e+04
3.400000000000000000e+01 4.700900000000000000e+04
3.500000000000000000e+01 4.063600000000000000e+04
3.600000000000000000e+01 4.723900000000000000e+04
3.700000000000000000e+01 5.341900000000000000e+04
3.800000000000000000e+01 5.908300000000000000e+04
3.900000000000000000e+01 6.227600000000000000e+04
4.000000000000000000e+01 6.263200000000000000e+04
4.100000000000000000e+01 6.820600000000000000e+04
4.200000000000000000e+01 5.615200000000000000e+04
4.300000000000000000e+01 5.323700000000000000e+04
4.400000000000000000e+01 7.211300000000000000e+04
4.500000000000000000e+01 8.139800000000000000e+04
4.600000000000000000e+01 8.902300000000000000e+04
4.700000000000000000e+01 9.299400000000000000e+04
4.800000000000000000e+01 1.037940000000000000e+05
4.900000000000000000e+01 9.656300000000000000e+04
5.000000000000000000e+01 1.153120000000000000e+05
5.100000000000000000e+01 1.262760000000000000e+05
5.200000000000000000e+01 1.318780000000000000e+05
5.300000000000000000e+01 1.449450000000000000e+05
5.400000000000000000e+01 1.525650000000000000e+05
5.500000000000000000e+01 1.699140000000000000e+05
5.600000000000000000e+01 1.608380000000000000e+05
5.700000000000000000e+01 1.852970000000000000e+05
5.800000000000000000e+01 1.995840000000000000e+05
5.900000000000000000e+01 2.168280000000000000e+05
6.000000000000000000e+01 2.340020000000000000e+05
6.100000000000000000e+01 2.608950000000000000e+05
6.200000000000000000e+01 2.750630000000000000e+05
6.300000000000000000e+01 2.570030000000000000e+05
6.400000000000000000e+01 2.943650000000000000e+05
6.500000000000000000e+01 3.157520000000000000e+05
6.600000000000000000e+01 3.325310000000000000e+05
6.700000000000000000e+01 3.452960000000000000e+05
6.800000000000000000e+01 3.489960000000000000e+05
6.900000000000000000e+01 3.546580000000000000e+05
7.000000000000000000e+01 3.194710000000000000e+05
7.100000000000000000e+01 3.629130000000000000e+05
7.200000000000000000e+01 3.794040000000000000e+05
7.300000000000000000e+01 3.867730000000000000e+05
7.400000000000000000e+01 4.020140000000000000e+05
7.500000000000000000e+01 3.925760000000000000e+05
7.600000000000000000e+01 3.700900000000000000e+05
7.700000000000000000e+01 3.557690000000000000e+05
7.800000000000000000e+01 3.828470000000000000e+05
7.900000000000000000e+01 4.126240000000000000e+05
8.000000000000000000e+01 4.142800000000000000e+05
8.100000000000000000e+01 4.069010000000000000e+05
8.200000000000000000e+01 4.038080000000000000e+05
8.300000000000000000e+01 3.664550000000000000e+05
8.400000000000000000e+01 3.294910000000000000e+05
8.500000000000000000e+01 3.485550000000000000e+05
8.600000000000000000e+01 3.626320000000000000e+05
8.700000000000000000e+01 3.430050000000000000e+05
8.800000000000000000e+01 3.262560000000000000e+05
8.900000000000000000e+01 3.107570000000000000e+05
9.000000000000000000e+01 2.818370000000000000e+05
9.100000000000000000e+01 2.630210000000000000e+05
9.200000000000000000e+01 2.672460000000000000e+05
9.300000000000000000e+01 2.761870000000000000e+05
9.400000000000000000e+01 2.592420000000000000e+05
9.500000000000000000e+01 2.572990000000000000e+05
9.600000000000000000e+01 2.408970000000000000e+05
9.700000000000000000e+01 2.228340000000000000e+05
9.800000000000000000e+01 1.958570000000000000e+05
9.900000000000000000e+01 2.089920000000000000e+05
1.000000000000000000e+02 2.115100000000000000e+05
1.010000000000000000e+02 1.860750000000000000e+05
1.020000000000000000e+02 1.740830000000000000e+05
1.030000000000000000e+02 1.652820000000000000e+05
1.040000000000000000e+02 1.533960000000000000e+05
1.050000000000000000e+02 1.268830000000000000e+05
1.060000000000000000e+02 1.331520000000000000e+05
1.070000000000000000e+02 1.340440000000000000e+05
1.080000000000000000e+02 1.324240000000000000e+05
1.090000000000000000e+02 1.204540000000000000e+05
1.100000000000000000e+02 1.144880000000000000e+05
1.110000000000000000e+02 1.012090000000000000e+05
1.120000000000000000e+02 8.580400000000000000e+04
1.130000000000000000e+02 9.278700000000000000e+04
1.140000000000000000e+02 9.388300000000000000e+04
1.150000000000000000e+02 9.184900000000000000e+04
1.160000000000000000e+02 8.457400000000000000e+04
1.170000000000000000e+02 8.052500000000000000e+04
1.180000000000000000e+02 7.100100000000000000e+04
1.190000000000000000e+02 6.000800000000000000e+04
1.200000000000000000e+02 6.221500000000000000e+04
1.210000000000000000e+02 6.728900000000000000e+04
1.220000000000000000e+02 6.243600000000000000e+04
1.230000000000000000e+02 6.076500000000000000e+04
1.240000000000000000e+02 5.861500000000000000e+04
1.250000000000000000e+02 5.297800000000000000e+04
1.260000000000000000e+02 4.268300000000000000e+04
1.270000000000000000e+02 5.081700000000000000e+04
1.280000000000000000e+02 5.430900000000000000e+04
1.290000000000000000e+02 5.165900000000000000e+04
1.300000000000000000e+02 4.876800000000000000e+04
1.310000000000000000e+02 4.984400000000000000e+04
1.320000000000000000e+02 4.652300000000000000e+04
1.330000000000000000e+02 3.707000000000000000e+04
1.340000000000000000e+02 4.610400000000000000e+04
1.350000000000000000e+02 4.860600000000000000e+04
