1.456662116403366847e+00
1.571095709857088352e+00
1.567344093182128306e+00
1.774442887313743666e+00
1.460572259056740485e+00
1.583826799058478452e+00
1.957484074470916768e+00
1.781671302978236726e+00
1.783410959153372000e+00
1.442844310914650485e+00
1.734238053288860604e+00
1.541831068989467868e+00
1.527830994444435042e+00
1.761514474772101435e+00
1.686481585672768624e+00
1.691806901913383898e+00
1.750814987034175818e+00
1.267552418782831758e+00
1.823618152852807706e+00
1.724525380293376653e+00
1.882612383400654288e+00
1.581175465265217905e+00
1.667956740874749988e+00
1.591154020034598604e+00
1.540139738250144941e+00
1.829177787477602957e+00
1.699232890183959288e+00
1.846786425246573549e+00
1.542278541631144861e+00
1.680874331187538706e+00
1.546970190825447844e+00
1.664397592148335159e+00
1.859584889146718156e+00
1.771755912371742792e+00
1.812967424720053788e+00
1.894036937511605290e+00
1.830711032178959252e+00
1.645296236439114601e+00
1.918150440825359793e+00
1.657225311626270292e+00
1.785744557607898741e+00
1.845374035938409207e+00
1.430004945456387677e+00
1.871997241979406423e+00
1.461046018653963552e+00
1.538673568547260562e+00
1.470495222233650479e+00
1.671183184514414721e+00
1.609176796719771652e+00
1.803214571265000732e+00
1.875225229454424491e+00
1.561848699019001918e+00
1.834963198355962888e+00
1.512867146552989484e+00
1.786272212921474534e+00
1.533611731333393680e+00
1.726865412753320284e+00
1.601194636667286897e+00
1.744247338917806367e+00
1.826823189453659957e+00
1.905489085632470880e+00
1.864228337963632187e+00
1.699077749366998624e+00
1.604900762556260574e+00
1.659304780785884503e+00
1.750758397192011095e+00
1.712001169989995075e+00
1.805009494009002013e+00
1.853460101154598583e+00
1.973081963604131017e+00
1.486999530203788389e+00
1.707886223294281747e+00
1.766882505606264253e+00
1.533312638072028111e+00
1.510029320949355158e+00
1.786655431331599875e+00
1.838388196422214849e+00
1.780631448516619031e+00
1.747583646198994201e+00
1.683834818224531737e+00
2.055127162646488426e+00
1.674871940678140270e+00
1.677931560507824882e+00
1.565598882522932334e+00
2.226251603157722858e+00
1.779042581544321155e+00
1.809878379119193248e+00
1.518148509208156582e+00
1.852090929913216888e+00
1.570862558281912458e+00
1.408364004814797843e+00
1.933261133500654871e+00
1.560152033902425739e+00
1.918218971037389142e+00
1.658949195789074293e+00
1.387497396287569629e+00
1.577125380283051159e+00
1.686944337588315745e+00
1.550320183561177734e+00
1.718234192650743397e+00
1.969053535116672471e+00
1.629975600707734174e+00
1.717527689422964743e+00
1.825848669518428613e+00
1.520005671904179234e+00
1.580993179141873428e+00
1.368235260614213855e+00
1.732240395347902640e+00
1.697223134473200279e+00
1.575800628382852508e+00
1.638141691686343604e+00
1.669820115367860902e+00
1.690156604959560660e+00
1.526083382861163962e+00
1.622615181713066512e+00
1.700903355725840171e+00
1.522992060259524827e+00
1.692708731741890071e+00
1.793364377747079574e+00
1.758726406116287055e+00
1.512499515313047382e+00
1.665962442491055073e+00
1.685252908697721486e+00
1.793217447251138408e+00
1.688811188326093449e+00
1.670146940485336851e+00
1.554575562968756985e+00
1.517565293912874758e+00
1.473368522869728414e+00
2.011929058488964195e+00
1.464833007249681129e+00
1.769358317602121478e+00
1.990922760530509539e+00
1.741066319868364909e+00
1.820521774913828716e+00
1.705121005629347319e+00
1.490665356556146737e+00
1.614554538109823190e+00
1.517717894457568883e+00
1.830835637892877177e+00
1.856258358969064215e+00
1.761704153407101181e+00
1.864634472771202756e+00
1.868875019189674580e+00
1.638859630877079532e+00
1.642051506589399024e+00
1.862010020094126528e+00
1.702755742296525598e+00
1.376589822805781127e+00
1.604305527187252833e+00
1.802482054125682742e+00
1.812698864534432408e+00
1.576666004273936883e+00
1.671572246320113919e+00
1.671558678239847051e+00
1.629887136710111095e+00
1.704957540320356291e+00
1.498975855712276983e+00
1.595465954611692494e+00
1.715741954375928247e+00
1.709681888730898658e+00
1.587525392720347650e+00
1.418853573188488371e+00
1.882749173557727973e+00
1.677516321282622958e+00
1.650284483813295955e+00
1.603826207257066150e+00
1.877484500054903416e+00
1.630140084286731961e+00
1.857122165905924049e+00
1.571761065151893177e+00
1.619438941322152825e+00
1.614641055967430239e+00
1.918240084535027146e+00
1.658405521633149471e+00
1.646470892066566716e+00
1.796040569189448988e+00
1.804867542976896555e+00
1.778097626340582105e+00
1.769877010445986221e+00
1.952653022013549844e+00
1.645536113741751905e+00
1.551505274816466606e+00
1.350506370937039069e+00
1.963548459799595802e+00
1.560950354582037791e+00
1.479495224679520105e+00
1.576066658478207927e+00
1.928164437720478963e+00
1.694282049803832457e+00
1.911874391842668608e+00
1.711035072097286891e+00
1.608827725318040969e+00
1.784729157985427861e+00
1.574808212110479166e+00
1.665042350241534130e+00
1.660949383924336553e+00
1.777879628791441569e+00
1.792043096333821861e+00
1.770252074826210498e+00
1.611592369887144605e+00
1.539887892818214699e+00
1.637584500157356571e+00
1.712109376995100130e+00
1.789304485288719215e+00
1.689651916543004617e+00
1.688637167284501084e+00
1.708806981976737305e+00
1.570179118302111876e+00
1.553697957189307921e+00
1.447983073993033498e+00
1.773408620051442952e+00
1.726249470504616523e+00
1.616125772213881984e+00
1.573901864233158809e+00
1.817353987665941251e+00
1.620592490243474071e+00
1.551047842177447622e+00
1.522101275125337549e+00
1.835799389040502438e+00
1.626651049769938906e+00
1.746992669181253399e+00
1.743246285683757835e+00
1.486373133444509609e+00
1.939173976973180391e+00
1.882338450551636067e+00
1.580271935490943358e+00
1.791457906275361722e+00
1.472375465242676595e+00
1.728425945900970540e+00
1.530892939145062970e+00
1.654162424101683904e+00
1.353239952723262807e+00
1.482494351621434392e+00
1.653523964010114256e+00
1.744333687876030270e+00
1.520814114007930540e+00
1.701650287574911546e+00
1.486640009456429379e+00
1.622491615498666384e+00
1.604681204127091254e+00
1.894992455235811946e+00
1.779033682963393481e+00
1.726234453852764084e+00
1.437488026865869850e+00
1.730143360655551410e+00
1.950575232420342697e+00
1.826731043311789149e+00
1.834285597227841125e+00
1.577444766330347026e+00
1.714030061687278339e+00
1.586748487154682641e+00
1.461657403341156680e+00
1.562757812936754309e+00
1.657283137782313176e+00
1.864417493707935414e+00
1.500974698512299144e+00
1.532174005891514534e+00
1.832365681305965444e+00
1.827872762993488553e+00
1.639449589536225105e+00
1.610960277994796463e+00
1.729702520412033095e+00
1.594230732458632449e+00
1.627694739177984129e+00
1.596597304128465789e+00
1.671473772689837212e+00
1.679831991689829662e+00
1.602948406621521826e+00
1.561338374903024739e+00
1.792486286166689924e+00
1.861937797154236351e+00
1.401802823092908712e+00
1.617336066401739325e+00
1.467442926385208235e+00
2.032343188677929291e+00
1.688007136646532569e+00
1.796857156224191954e+00
1.877308431276371925e+00
1.426462433550838460e+00
1.751689352704035585e+00
1.346084681875378219e+00
1.523293064900871574e+00
2.017097938368941357e+00
1.451438542772945484e+00
1.739220491314858785e+00
1.639108139230302852e+00
1.841781616271304767e+00
1.833941306121825709e+00
1.614834623492152677e+00
1.694737862371791470e+00
1.845283581342594292e+00
1.838163374424278018e+00
1.749067732153587462e+00
1.687108841370379420e+00
1.875921600562978409e+00
1.618882370926258307e+00
1.655568444467052647e+00
1.678232986818664285e+00
1.757135748442156142e+00
1.619379819319625158e+00
1.525846833317292761e+00
1.803740665880541938e+00
1.764574505051909936e+00
1.673754200952273896e+00
1.654794833490009331e+00
1.545690195702925207e+00
1.627204654125405048e+00
1.823723082930338357e+00
1.649300487186274422e+00
1.812113353921508407e+00
1.699325076455973527e+00
1.516987854906368005e+00
1.728278582337891223e+00
1.676864390080972766e+00
1.798862829812321484e+00
1.854037403391187055e+00
1.724664332791004062e+00
1.661923898822427859e+00
1.554297165196606656e+00
1.662460463973996827e+00
1.533843475738773998e+00
1.598551261190798822e+00
1.732762113924547931e+00
1.656410181159337247e+00
1.753886552045106129e+00
1.867825190828895643e+00
1.332437317396698795e+00
1.579621882639296038e+00
1.576165732283878462e+00
1.728340664408161587e+00
2.006341618619765566e+00
1.731832489539482989e+00
1.577094136307343408e+00
1.961525556245308888e+00
1.639728634599464607e+00
1.535724284319524235e+00
1.470260392852974940e+00
1.769281712544415797e+00
1.620026603114548047e+00
1.639249244271216099e+00
1.322279351319203933e+00
1.504365258722260013e+00
1.654427391195810948e+00
1.653933675961351879e+00
1.835845935384287309e+00
1.747456528686087474e+00
1.834783455274595410e+00
1.392792616325974953e+00
1.797295694621371842e+00
1.597762753111840572e+00
1.784654910486478840e+00
1.570724295876559040e+00
1.629992613287879255e+00
1.830014123885605137e+00
1.560936268164726082e+00
1.954877526270521804e+00
1.655754855810645187e+00
1.782348242513238867e+00
1.745403239608612100e+00
1.629429252375530712e+00
1.884704755405915311e+00
1.705151338610628065e+00
1.645029319970930715e+00
1.972366683069872062e+00
1.698782830223654505e+00
1.815863830561911696e+00
1.914314413557878014e+00
1.520843826039611102e+00
1.753884227311752531e+00
1.889602209839895686e+00
1.434491676756417311e+00
1.664217462252962854e+00
1.610056687732721370e+00
1.730287960427181027e+00
1.517778222034068536e+00
1.310998588134822729e+00
1.893075257222388785e+00
1.488962521769946479e+00
1.482502795267056639e+00
1.644731438210212282e+00
1.708973827783335731e+00
1.708667728481521486e+00
1.324507409060848184e+00
1.744358720491562043e+00
1.792838154826064789e+00
1.571718413498021771e+00
1.880070757348417443e+00
1.639445910441666987e+00
1.885586430302344407e+00
1.785389002978127637e+00
1.537570289105184340e+00
1.510445397425126624e+00
1.954000823487312077e+00
1.800634715367812166e+00
1.752888861506728846e+00
1.817290415709638562e+00
1.741681575678275307e+00
1.794248790652392067e+00
1.440779454121527969e+00
1.661759439549854944e+00
1.699986378592170055e+00
1.884216315207789538e+00
1.563329421042969125e+00
1.554175791027516462e+00
1.582348619752297791e+00
1.643261371309665764e+00
1.700500712220631927e+00
1.844209279505312216e+00
1.656609006649066629e+00
1.535947037188630127e+00
1.658785593133896175e+00
1.707505993315661108e+00
1.686106347261344007e+00
1.629486603408389023e+00
1.946073139399556284e+00
1.544976212212066491e+00
1.518575253443067652e+00
1.661844588474459483e+00
1.857270372371604417e+00
1.729444167984409697e+00
1.560473311371257665e+00
1.811957152733030485e+00
1.928281565622412153e+00
1.946578913790362186e+00
1.563222138854929000e+00
1.599621779471972038e+00
1.399452062215553738e+00
1.720512273334726006e+00
1.204159067543521644e+00
1.534057842736807897e+00
1.592450909242009160e+00
1.697015639308872004e+00
1.573915826497015003e+00
1.370188700653925062e+00
1.743248121549971552e+00
1.577159557295842118e+00
1.511027915762185758e+00
1.627654734665463288e+00
1.673104173011824347e+00
1.547954119132306960e+00
1.620973727744993376e+00
1.448519203483405349e+00
1.574432019231102986e+00
1.747561963912871885e+00
1.522762399544978829e+00
1.595480939058134373e+00
1.731307850810440030e+00
1.778224538504058705e+00
1.653128853471011794e+00
1.612682976168567928e+00
2.014653578828220493e+00
1.624460069526210138e+00
2.023705950732811676e+00
1.379302915642513838e+00
1.616321122947572464e+00
1.590350495604893277e+00
1.724258173255421189e+00
1.714016981515207982e+00
1.380488433206916055e+00
1.644002091980824476e+00
2.031095270694541544e+00
1.912141124366196987e+00
1.519835338323419327e+00
1.498694443769086337e+00
1.814686231596555732e+00
1.822500840507442099e+00
1.834686456579557534e+00
1.486019896606587620e+00
1.533370491394213220e+00
1.820221553363797540e+00
1.391096302045323974e+00
1.502102947234720709e+00
1.791919138173660109e+00
1.797427323487903017e+00
1.655722965376047684e+00
2.176977936034961481e+00
1.518714047470318684e+00
1.329438738291712552e+00
1.562346525231102401e+00
1.707961067311125625e+00
1.884324277624755961e+00
1.562586437065914158e+00
1.763352900761524955e+00
1.734762725326849386e+00
1.698805438455452510e+00
1.599870443849947810e+00
1.631845944450597274e+00
1.714277614306924935e+00
1.733384420979908747e+00
1.452513736039460657e+00
1.482943518986049813e+00
1.800655800305646537e+00
1.793342450393726972e+00
1.676778484484501508e+00
1.710279052449502402e+00
1.515544949777396511e+00
1.643664802294270588e+00
1.779110330232861470e+00
1.665226163089086997e+00
