1.589863308960886901e+00
1.646738872164681622e+00
1.989467233540988422e+00
1.503199846878233714e+00
2.009643132414571820e+00
1.819076016515316363e+00
1.487301673913042688e+00
1.880963761499693909e+00
1.813735757645239310e+00
1.807598478969287159e+00
1.899529382921449905e+00
1.567049425886438474e+00
1.789442325584659654e+00
2.096175740948428956e+00
1.932335836995208167e+00
2.003663156475363749e+00
2.156322668339318849e+00
1.925783567258488427e+00
2.264896830424092400e+00
1.989121800990430122e+00
1.622288086614679381e+00
2.255019050914282897e+00
1.932458095003267262e+00
1.500414377250331111e+00
2.502574165564396491e+00
1.517636208652648477e+00
2.271329737123146231e+00
1.882916864247251354e+00
1.764843943943481985e+00
1.499694781884545636e+00
1.555606400763757113e+00
1.778129511618469660e+00
2.170478173394970067e+00
1.494260177949429558e+00
2.136567964481757453e+00
1.682566273403724777e+00
1.548954533297148606e+00
2.025066897741688354e+00
1.626476991765200664e+00
1.600487386001888002e+00
1.788071474136126549e+00
2.586619665656730405e+00
2.140074352660837231e+00
2.009841522854962648e+00
1.558858909981967189e+00
1.929617148827913464e+00
1.672676964879476369e+00
1.810233443917801832e+00
1.620053051259725763e+00
1.556096291490614236e+00
1.669349867489634764e+00
2.464072229155106264e+00
2.054715489595301925e+00
1.804915991431546018e+00
1.854910503353548901e+00
1.705985444180149635e+00
1.655120264923425344e+00
1.752293502117255208e+00
1.615577730605830098e+00
1.643190721665407583e+00
1.684061623623804405e+00
1.562156614915281905e+00
1.692752208296591343e+00
1.748105871862098093e+00
1.725779034703307513e+00
1.667028690079074948e+00
1.842185447129168541e+00
2.417789697817881667e+00
1.754926609890800293e+00
1.831118514036229161e+00
1.577018623833327693e+00
2.082781236177145168e+00
1.628571186523940950e+00
1.639001133375825203e+00
1.975181181167985578e+00
1.659928459536142764e+00
1.907534245556169017e+00
1.831745136459139056e+00
2.413776483824533248e+00
2.070528665978935479e+00
1.998214205763096940e+00
1.995467597099458201e+00
2.227754329589610283e+00
1.952446226958371334e+00
1.822102270113673761e+00
1.568807835670535056e+00
1.582009023618159871e+00
1.587672734276770248e+00
1.612244827701006633e+00
2.118560666928195779e+00
1.448789283020776031e+00
1.728269388114146876e+00
2.455313762971097713e+00
1.658225910840646078e+00
1.854716763123692935e+00
2.273702150389413035e+00
2.073661162940688474e+00
1.876009125642143394e+00
2.038934688173142273e+00
2.069493178411943912e+00
1.854896368806425500e+00
1.942061764447613470e+00
1.665396338437416190e+00
1.949053608048074704e+00
1.453289431459941161e+00
1.964355494506909938e+00
2.068947308914497185e+00
1.812372959510392345e+00
1.714448473932965733e+00
1.610835196172881290e+00
1.762769403597802764e+00
2.091663796988395330e+00
1.707709282946732632e+00
1.826102677356851833e+00
2.046200919303128973e+00
1.929441204419604317e+00
1.857883195445148461e+00
1.709733981566691874e+00
2.077381273851858889e+00
1.733702422620449823e+00
2.456839777135713998e+00
2.080025476974138865e+00
1.557147405971891718e+00
1.819681734546895191e+00
1.823443837753465635e+00
2.623351265404916255e+00
2.007134191648720645e+00
1.569381149203475267e+00
1.486295602531220172e+00
1.497559094239619082e+00
1.555456099474396225e+00
1.844725622762239503e+00
2.047868688092948641e+00
2.595545210212809817e+00
1.654569759548698116e+00
2.081075156255455916e+00
1.867836206785651099e+00
1.625856529456775501e+00
2.177722930743796415e+00
1.638327286765713042e+00
1.731424191206071717e+00
1.488853267049086604e+00
1.642389111135939661e+00
2.438220461035635722e+00
1.745737998194988094e+00
1.543837807420615160e+00
1.600810983049774094e+00
1.849844121295888044e+00
1.652172447231324615e+00
1.457909614950304800e+00
1.527352249976380527e+00
1.853770534785999846e+00
2.343659061779254316e+00
1.618065974095961534e+00
1.710629565959997489e+00
2.242126556746035337e+00
1.557559212827648309e+00
1.544782702093892679e+00
1.987965152348137643e+00
2.090150065226747067e+00
1.663928195005873745e+00
1.512322433414118317e+00
1.975849882573921468e+00
1.913913270199748107e+00
1.727890281008832352e+00
1.822213452721926696e+00
2.095652322562044922e+00
1.999583628100326749e+00
1.509752469202299885e+00
1.704526689300922770e+00
1.794782829646936140e+00
1.955465907149763094e+00
1.943763840648934371e+00
1.558115391900585678e+00
1.565876675629381598e+00
2.269659967646828314e+00
1.434914207709617973e+00
1.399929070132532871e+00
2.096035671610159135e+00
1.554348434287538661e+00
2.120052688681522302e+00
1.827813873352073015e+00
2.425187800424037032e+00
1.419153636924020745e+00
1.975732474710993225e+00
1.637007197789256630e+00
2.230931026949927620e+00
1.468205576236436549e+00
2.384164341921434893e+00
1.699099631858955961e+00
1.702171956356204996e+00
1.534333532549405188e+00
1.813392516343149019e+00
1.655967417713974044e+00
2.255197905611165066e+00
1.761685913711042772e+00
2.236315611653780344e+00
1.982558691763888881e+00
1.803519851449743472e+00
1.565617023016871334e+00
2.416391194388095354e+00
2.327111440400931208e+00
1.417021819854186404e+00
1.653725841214112036e+00
1.663406668648803377e+00
1.337215776701850656e+00
1.631744063538576928e+00
1.641260088844763709e+00
2.781058825603703433e+00
2.128749991501390770e+00
1.988539422701623316e+00
1.666913772424472251e+00
1.936672787635375537e+00
1.874017932273353670e+00
1.885046435957183686e+00
1.463243918682052724e+00
1.900025635486952913e+00
1.598023975146518394e+00
2.065985304673142675e+00
2.458527151096799201e+00
1.858152695159316359e+00
1.335591186314772028e+00
1.586694357848137393e+00
2.609059818782446527e+00
1.742218785367559697e+00
1.795765474258713468e+00
1.682337612893715750e+00
1.951184265269776397e+00
1.503566348914736617e+00
1.847912773258084895e+00
1.655129679756193406e+00
1.876225773288240140e+00
1.956756393739889299e+00
1.660285515009533253e+00
1.348676492290248108e+00
2.163728356135689701e+00
1.533777351485644758e+00
1.400097289692359803e+00
1.624160268340126834e+00
1.608854109561014267e+00
1.550801101936733151e+00
1.508707668751872122e+00
2.038151769779810607e+00
1.742823466733840920e+00
1.760026993856969924e+00
1.779163773113108693e+00
1.900473414468024425e+00
1.923927084025422340e+00
2.000100201155253110e+00
2.703732747871678832e+00
1.748414036607717437e+00
1.802328778008187582e+00
1.778883061605054605e+00
2.204944162603275526e+00
1.687798184991833539e+00
1.750447758429954703e+00
1.523370574102107522e+00
1.840200959090003252e+00
1.726129215589749855e+00
1.850686892716123078e+00
2.070695593468633522e+00
1.788297731497609844e+00
1.549771069455049943e+00
1.525022578405674789e+00
1.723336436545257255e+00
1.881429509775820241e+00
1.699112066007309352e+00
1.993640522088893308e+00
1.800315394365843868e+00
1.857749614519447645e+00
1.696231743193071573e+00
1.566336735155181570e+00
2.324747877180312283e+00
1.601421026694618721e+00
1.811610242369720014e+00
1.675732950780654207e+00
1.664392061216232621e+00
1.719738072280548868e+00
2.533358078273007852e+00
1.771366350214450325e+00
1.482080334429733304e+00
1.470340210063138642e+00
1.770496434908279237e+00
2.001512424700505388e+00
1.377354406013599153e+00
2.082736921542979847e+00
2.051418785813362344e+00
2.097519552931792042e+00
1.822347925842997984e+00
1.718620683478097488e+00
1.486301135013521346e+00
1.708425864242762104e+00
1.691542477944278033e+00
1.940312842129903848e+00
2.101704009481011326e+00
1.555600425042336532e+00
1.614436408353787655e+00
1.691595106257557157e+00
1.630203251271655107e+00
1.551238889936170651e+00
1.867721290841617643e+00
1.692201624117263048e+00
1.550371758288963120e+00
1.630646730075844042e+00
1.704937631922757379e+00
2.217230170829884717e+00
1.581557194507674069e+00
1.748502834441138853e+00
1.954978549119908315e+00
1.752275081710928717e+00
1.508913418380722016e+00
1.946051284585223806e+00
1.679931478739559614e+00
1.452582710676256772e+00
1.418226314964499357e+00
1.535276907243429800e+00
1.485293663586257917e+00
1.546716822881142983e+00
1.593074183000203092e+00
1.910282309306990722e+00
1.856939772146565248e+00
2.332115926150105878e+00
1.616714320499021973e+00
1.582014135876993910e+00
1.499014351221927388e+00
2.002707023738786951e+00
1.462800281754614407e+00
1.901167866106725723e+00
1.750813909651717015e+00
1.582841441636557933e+00
1.738220501102365922e+00
1.641146054526487985e+00
1.980381899626401543e+00
1.925521612605311628e+00
3.083552021164571499e+00
1.907820782127125137e+00
1.484449057788847171e+00
1.826243058946317444e+00
1.537185411184225581e+00
2.087383515324518601e+00
1.795813292515492376e+00
2.234388761599315210e+00
1.785478552380821871e+00
1.748285893197168095e+00
1.566185623249649383e+00
2.547381759000179713e+00
1.975411296307946873e+00
1.388365141606374698e+00
1.928711186421526502e+00
1.628895750697833877e+00
1.933651291143647866e+00
2.575352800604611136e+00
1.701487568898924385e+00
1.867832950983070672e+00
1.975793920258745784e+00
1.463585625610529295e+00
1.835384301518832251e+00
1.764834494557354194e+00
2.191180199569861209e+00
1.643773339160107927e+00
1.716685173240157569e+00
1.648687403798460238e+00
2.049836495042119289e+00
1.722812904476928031e+00
2.349632195093285247e+00
1.499253208423511285e+00
1.522871498729304163e+00
1.861548566964455143e+00
1.536589062731240407e+00
1.767803919105037647e+00
1.947235998968592341e+00
2.123161702660412598e+00
1.493215481322616611e+00
1.915785203354690269e+00
2.464319473717302866e+00
1.807333920884550471e+00
1.529638050512005076e+00
1.515599039010588900e+00
1.909664802148215212e+00
1.719169583521946043e+00
2.022129739456199449e+00
2.043377836833191630e+00
2.017885805583663039e+00
1.676550723594467218e+00
1.893319148910042049e+00
1.845261910648538173e+00
1.326352821179486829e+00
1.529997076800123645e+00
2.076773547096862238e+00
1.476637220756007451e+00
1.878870014117635545e+00
1.607647561830610528e+00
1.660853049082761546e+00
1.606211124840461579e+00
2.203956108953470938e+00
1.568672771690839518e+00
1.496564677846854430e+00
1.825919045738740198e+00
1.892715046154714198e+00
2.058260629860859225e+00
1.825178532362134343e+00
2.605480673015567294e+00
1.379078376380246773e+00
2.056652589304031054e+00
2.340571751421155255e+00
2.747832814004523172e+00
1.839729078005619689e+00
2.056431768723849363e+00
1.605567797884002390e+00
1.984282341154312679e+00
1.676380107216349113e+00
1.768436183955848229e+00
1.973849152678511132e+00
1.825155037630846522e+00
1.739818751191284152e+00
1.524004058267835582e+00
2.708090142153334323e+00
1.937527415427094057e+00
1.717532725674103089e+00
2.063022742721469349e+00
1.423052730122158716e+00
1.649072704216214325e+00
1.840061455190074025e+00
2.163363761686744269e+00
1.588941390673540344e+00
1.726958508317774754e+00
1.778948608469439696e+00
1.679889194930136220e+00
1.889363751256739388e+00
2.112572548394794580e+00
2.130481779550722266e+00
1.590375929903110164e+00
1.948134508596067294e+00
1.714489892124277270e+00
1.667789153121076007e+00
1.522762067266828723e+00
1.664873439337086758e+00
1.559356653176250163e+00
1.989874380749060201e+00
1.600231589740649163e+00
1.650751230866523533e+00
1.719302442698578792e+00
1.708935258069837149e+00
1.988520717172954644e+00
1.694598614491201749e+00
2.055548281135177735e+00
1.791532281049668551e+00
1.458355176623642668e+00
2.170328274826345272e+00
2.293603591682824572e+00
2.008578347009828402e+00
1.699229431457768280e+00
1.827966244399149787e+00
1.610599091968314855e+00
1.585886997963745104e+00
1.523046129485819744e+00
1.618197527570374827e+00
2.065678985869524364e+00
1.798178295849163000e+00
1.521275476259571491e+00
1.764415467057397269e+00
1.783531557992461547e+00
1.965834592178397511e+00
1.424632989714092135e+00
1.673039858192997054e+00
1.644383456850174952e+00
2.056216099592143465e+00
1.710617945018311881e+00
1.942218690605719722e+00
2.207299998627905158e+00
1.531126477475515113e+00
1.671684049447279108e+00
1.419284867692396146e+00
1.637319075418853354e+00
1.742764872729454240e+00
1.542849838177829502e+00
1.498136790434452914e+00
2.036773764739356452e+00
2.028674183664315400e+00
1.525004355989152183e+00
1.767766278211937436e+00
1.833301612949982617e+00
1.714681924426281867e+00
2.910473168111569642e+00
1.727954211105547033e+00
1.547474053894368096e+00
2.005132491706913100e+00
1.910887903240837238e+00
1.569720736428457331e+00
2.082444342109510238e+00
2.071463431015965639e+00
2.410832398781109553e+00
1.501886355962871233e+00
1.915512656683379555e+00
1.855770084827005340e+00
1.556642141143507629e+00
1.829168725472419599e+00
1.803478730595351465e+00
1.532885438088489982e+00
2.297931870555800060e+00
