0.000000000000000000e+00 1.187500000000000000e+04
1.000000000000000000e+00 1.193500000000000000e+04
2.000000000000000000e+00 1.212800000000000000e+04
3.000000000000000000e+00 1.101400000000000000e+04
4.000000000000000000e+00 1.031400000000000000e+04
5.000000000000000000e+00 1.150200000000000000e+04
6.000000000000000000e+00 9.798000000000000000e+03
7.000000000000000000e+00 1.330900000000000000e+04
8.000000000000000000e+00 1.407200000000000000e+04
9.000000000000000000e+00 1.224100000000000000e+04
1.000000000000000000e+01 1.234100000000000000e+04
1.100000000000000000e+01 1.290400000000000000e+04
1.200000000000000000e+01 1.182000000000000000e+04
1.300000000000000000e+01 1.139900000000000000e+04
1.400000000000000000e+01 1.256400000000000000e+04
1.500000000000000000e+01 1.321100000000000000e+04
1.600000000000000000e+01 1.415800000000000000e+04
1.700000000000000000e+01 1.390100000000000000e+04
1.800000000000000000e+01 1.429500000000000000e+04
1.900000000000000000e+01 1.447900000000000000e+04
2.000000000000000000e+01 1.440000000000000000e+04
2.100000000000000000e+01 1.668200000000000000e+04
2.200000000000000000e+01 2.077600000000000000e+04
2.300000000000000000e+01 1.827900000000000000e+04
2.400000000000000000e+01 1.521100000000000000e+04
2.500000000000000000e+01 2.011200000000000000e+04
2.600000000000000000e+01 1.666700000000000000e+04
2.700000000000000000e+01 1.771000000000000000e+04
2.800000000000000000e+01 2.031600000000000000e+04
2.900000000000000000e+01 1.793300000000000000e+04
3.000000000000000000e+01 1.796400000000000000e+04
3.100000000000000000e+01 2.051200000000000000e+04
3.200000000000000000e+01 2.381100000000000000e+04
3.300000000000000000e+01 2.316700000000000000e+04
3.400000000000000000e+01 2.141800000000000000e+04
3.500000000000000000e+01 2.997600000000000000e+04
3.600000000000000000e+01 2.419000000000000000e+04
3.700000000000000000e+01 2.682400000000000000e+04
3.800000000000000000e+01 3.317400000000000000e+04
3.900000000000000000e+01 3.063300000000000000e+04
4.000000000000000000e+01 2.903900000000000000e+04
4.100000000000000000e+01 3.256400000000000000e+04
4.200000000000000000e+01 3.725500000000000000e+04
4.300000000000000000e+01 4.159700000000000000e+04
4.400000000000000000e+01 4.088100000000000000e+04
4.500000000000000000e+01 5.085200000000000000e+04
4.600000000000000000e+01 4.489200000000000000e+04
4.700000000000000000e+01 6.057300000000000000e+04
4.800000000000000000e+01 5.331700000000000000e+04
4.900000000000000000e+01 5.054600000000000000e+04
5.000000000000000000e+01 6.034400000000000000e+04
5.100000000000000000e+01 5.982100000000000000e+04
5.200000000000000000e+01 6.263100000000000000e+04
5.300000000000000000e+01 7.803600000000000000e+04
5.400000000000000000e+01 9.116600000000000000e+04
5.500000000000000000e+01 7.628400000000000000e+04
5.600000000000000000e+01 9.762600000000000000e+04
5.700000000000000000e+01 8.329700000000000000e+04
5.800000000000000000e+01 9.446300000000000000e+04
5.900000000000000000e+01 1.190810000000000000e+05
6.000000000000000000e+01 1.242240000000000000e+05
6.100000000000000000e+01 1.397070000000000000e+05
6.200000000000000000e+01 1.454590000000000000e+05
6.300000000000000000e+01 1.561140000000000000e+05
6.400000000000000000e+01 1.686770000000000000e+05
6.500000000000000000e+01 1.815350000000000000e+05
6.600000000000000000e+01 1.945740000000000000e+05
6.700000000000000000e+01 2.231650000000000000e+05
6.800000000000000000e+01 2.185700000000000000e+05
6.900000000000000000e+01 2.214340000000000000e+05
7.000000000000000000e+01 2.517710000000000000e+05
7.100000000000000000e+01 2.656350000000000000e+05
7.200000000000000000e+01 2.778170000000000000e+05
7.300000000000000000e+01 2.952290000000000000e+05
7.400000000000000000e+01 3.027230000000000000e+05
7.500000000000000000e+01 3.123730000000000000e+05
7.600000000000000000e+01 3.034270000000000000e+05
7.700000000000000000e+01 3.223490000000000000e+05
7.800000000000000000e+01 3.414850000000000000e+05
7.900000000000000000e+01 3.346970000000000000e+05
8.000000000000000000e+01 3.322720000000000000e+05
8.100000000000000000e+01 3.319080000000000000e+05
8.200000000000000000e+01 3.904870000000000000e+05
8.300000000000000000e+01 3.575260000000000000e+05
8.400000000000000000e+01 3.598090000000000000e+05
8.500000000000000000e+01 3.595960000000000000e+05
8.600000000000000000e+01 3.561330000000000000e+05
8.700000000000000000e+01 3.486760000000000000e+05
8.800000000000000000e+01 3.570890000000000000e+05
8.900000000000000000e+01 3.666240000000000000e+05
9.000000000000000000e+01 3.826240000000000000e+05
9.100000000000000000e+01 4.267250000000000000e+05
9.200000000000000000e+01 3.942870000000000000e+05
9.300000000000000000e+01 3.728820000000000000e+05
9.400000000000000000e+01 3.613820000000000000e+05
9.500000000000000000e+01 3.618190000000000000e+05
9.600000000000000000e+01 3.588770000000000000e+05
9.700000000000000000e+01 3.067070000000000000e+05
9.800000000000000000e+01 3.302460000000000000e+05
9.900000000000000000e+01 2.994240000000000000e+05
1.000000000000000000e+02 2.868970000000000000e+05
1.010000000000000000e+02 2.746610000000000000e+05
1.020000000000000000e+02 2.889430000000000000e+05
1.030000000000000000e+02 2.679460000000000000e+05
1.040000000000000000e+02 2.407940000000000000e+05
1.050000000000000000e+02 2.579080000000000000e+05
1.060000000000000000e+02 2.346020000000000000e+05
1.070000000000000000e+02 2.147880000000000000e+05
1.080000000000000000e+02 2.094390000000000000e+05
1.090000000000000000e+02 2.011350000000000000e+05
1.100000000000000000e+02 1.920560000000000000e+05
1.110000000000000000e+02 1.766000000000000000e+05
1.120000000000000000e+02 1.849730000000000000e+05
1.130000000000000000e+02 1.645780000000000000e+05
1.140000000000000000e+02 1.551610000000000000e+05
1.150000000000000000e+02 1.387430000000000000e+05
1.160000000000000000e+02 1.266810000000000000e+05
1.170000000000000000e+02 1.359640000000000000e+05
1.180000000000000000e+02 1.234960000000000000e+05
1.190000000000000000e+02 1.201090000000000000e+05
1.200000000000000000e+02 1.103160000000000000e+05
1.210000000000000000e+02 1.062290000000000000e+05
1.220000000000000000e+02 9.009100000000000000e+04
1.230000000000000000e+02 9.949900000000000000e+04
1.240000000000000000e+02 8.918200000000000000e+04
1.250000000000000000e+02 7.961300000000000000e+04
1.260000000000000000e+02 8.319800000000000000e+04
1.270000000000000000e+02 7.005600000000000000e+04
1.280000000000000000e+02 7.051000000000000000e+04
1.290000000000000000e+02 6.569700000000000000e+04
1.300000000000000000e+02 6.600200000000000000e+04
1.310000000000000000e+02 5.912400000000000000e+04
1.320000000000000000e+02 5.954100000000000000e+04
1.330000000000000000e+02 5.792300000000000000e+04
1.340000000000000000e+02 6.160800000000000000e+04
1.350000000000000000e+02 6.281500000000000000e+04
