0.005194062526006749 0.23559641841213386 11.239569548270628 6.310535950135661
0.004259060855338627 0.25071982465245546 8.302928499008354 4.483085489870419
0.005618828754562201 0.23699700015903014 10.602677966121183 13.086680659058032
0.008682486473878138 0.22375229265683183 12.07695243567111 8.54516007685105
0.004223011554896473 0.24518448837453166 9.456244356468066 5.355438128722195
0.005308609346300451 0.2140781840935615 15.879384631070668 8.236395709833007
0.0038834280038244854 0.30146552472019095 6.475900215902726 7.722834112166679
0.007748705867968197 0.2226207896708864 11.454424270950172 1.9114227423493082
0.005631989914307657 0.24382992727129638 10.029965790897178 8.749983839811236
0.0074827952901197585 0.21435450124129252 14.244517768512587 8.047310866117927
0.007246041000115669 0.2231313599887328 12.521177465584133 3.092936510497111
0.007458230138070732 0.21792984321228925 12.571785057770741 7.956198083063097
0.00464482390782738 0.2432061656941491 9.987414107398545 7.867648287749912
0.0028619612509861235 0.32570650153608405 5.5992143503301595 7.2561894921084695
0.008410345232735554 0.20554869536341147 18.522320374898783 7.882872292986908
0.00751743650715751 0.2159150282243002 16.302645303713167 14.21576653013665
0.007050213448304776 0.21135281001044826 18.504068304894524 10.241167884976893
0.006202642520910632 0.23335493390935658 10.419670784132993 3.6350717695820585
0.004370303951883299 0.24504666466847236 10.506495885775246 12.64017159807099
0.00835167867866263 0.2208647365184474 12.447429172341678 6.475273152020481
0.008556236010137303 0.21265998259583474 15.521651793497076 10.189213414708195
0.005362132921728288 0.23574886340745504 10.931394448309142 11.482401418045647
0.006320179687391866 0.24173049373853794 10.346996308767334 6.2644148077588255
0.0055811535007072284 0.21880818494806065 13.048595537614235 8.1742332997609
0.004585470048324781 0.23638760946730197 10.364108678912986 6.535499534819747
0.00591757625258277 0.22349622482865839 13.237786511948086 7.499194765403626
0.0015655165505265513 0.48277006097818465 3.099647877296796 4.067455158471118
0.0027827507965699797 0.3072078818101316 5.90010676471898 5.939948761106658
0.0065700798990224445 0.2166624130170136 14.07268010703093 11.516771429479084
0.00792991338635234 0.21779297575817214 15.006274155149487 10.068076533630244
0.004844492930985553 0.26148151790287755 8.129952659775782 4.66772760156938
0.006984362717454326 0.25402184481987977 9.037728397055053 8.044469347157339
0.006368818110733691 0.2144866352324869 13.519165638611543 11.51068845350063
0.004485096807295889 0.21688816979516035 13.863467488383932 8.751266863998586
0.00762562680345861 0.21928692376836434 13.034219658113308 1.1411478404130841
0.004879625741318868 0.2496061660066724 10.11682218984588 12.159734267302834
0.006291511607925692 0.23371683988583436 10.311972277058462 5.064590936843691
0.005713401473090342 0.22610505862260466 13.203713601294611 7.819025573745434
0.005798417059181785 0.22470058510645907 11.375829871183448 7.209801841763026
0.007503649234461147 0.21223768729103276 16.905057600226176 6.389930948646001
0.0034422752851077506 0.3007964006997599 6.567688523591336 7.309545495755153
0.004030781809992506 0.2496497170389429 10.087754251319396 11.371139605278634
0.0007881187340903918 0.6954377626384963 2.0664036059096915 3.803084769170842
0.004486454220186864 0.25755524197211055 9.323699327051663 11.51353129044929
0.0010383837350536381 0.682614951185186 2.0 2.624844336125335
0.005019973953562553 0.2131545129539545 18.04574779712397 10.981601767764836
0.005183623744531161 0.2389292520232208 10.63861204692083 6.247080259844793
0.006143659164648909 0.23358397743088466 10.882385342022255 5.320962514162497
0.004384390353827315 0.2634928026823129 8.561168054614228 11.34126798149463
0.005087853749130429 0.24279433150467544 9.437190202145997 5.741408676867813
0.005675795242025644 0.24095782816127675 9.20145536129848 3.961370386733763
0.006932638726464425 0.23230581183153098 11.742168503149863 12.179263574824162
0.0074313910736498665 0.2174744515356445 13.772371226912197 10.391562806049938
0.005023140180783878 0.24151987178521317 10.25030963634816 9.53223821541811
0.0020659178064866687 0.4631651140172248 3.4206448512123746 5.516500363247172
0.007927663186968968 0.219974781527281 13.309021820812175 14.688030898922781
0.006729313328665972 0.23332014749839314 10.693022038533078 7.633278574988666
0.0056647471010821465 0.24051987199525526 12.242732704189795 14.299093056183374
0.008414403684380255 0.20742784394153768 15.749723900108847 3.8929806425927156
0.006455590388471778 0.23746711494648232 10.01920596120696 7.746613388864127
0.00899835294168188 0.19947044047118034 19.146420558370046 10.754812107203014
0.004315748193472207 0.23954550689703114 11.234517205460435 9.206595649258611
0.00600344690519885 0.2216135839543425 16.46712018356151 9.207639479151428
0.005293931055987959 0.25164750484644116 8.854023030796602 6.611421466104643
0.002188004648488192 0.3937807590749359 4.130937277196729 5.228804716082079
0.0062150537872319245 0.22644917487554028 11.907714553184633 10.469742482252592
0.004846528856570795 0.24115275023172478 10.862535429106131 13.919737095200372
0.00647229127812197 0.2381999114429174 10.83797450355314 11.760772695421704
0.00595744301078114 0.23954091740423955 10.203409633271262 7.147011080209816
0.005667697873201557 0.24032683786045383 9.534899999214431 5.904076825994968
0.003328530908673408 0.3508860688466918 5.35459724664804 10.518579260059512
0.005429203278793639 0.23882571076672487 10.33948726690447 11.366695615659204
0.003019569077835131 0.3498727918247313 5.15153303047301 7.931205293401344
0.009478520495979456 0.21708281076734526 12.886399323087371 5.003547638298603
0.004953803360538855 0.2742457795520131 8.407025948955337 15.0
0.0034290571857807277 0.2941199546401969 6.415938944043168 6.98108336350496
0.00793824610133741 0.21478302013723927 14.975866888361182 10.450444511983557
0.003327490861505564 0.3310373063569664 5.518148677789738 8.772094898482228
0.008768471285915257 0.21804402835150993 13.832083338062905 3.5193242614476485
0.007046073819219555 0.2227861245530366 13.305384770583894 6.857244528162718
0.0038558075736069217 0.2737774575997399 7.594593945117625 5.3148526600980865
0.0048567739845709204 0.21855163619075546 13.385623921355128 10.095569280049634
0.005756427770717218 0.24208138123538614 9.255790724774997 4.745103091385683
0.008357495954334205 0.21180004576652234 14.503167637416695 10.131389490536673
0.006602922645454798 0.2238612728825048 13.710755489463942 13.492113968308825
0.003156678501490235 0.2899651068927389 7.218692399294834 8.144720550947275
0.008068024038062956 0.23003753512573288 11.191831405811664 7.470680804520906
0.008300198370795221 0.2105955634303447 16.420829964503117 9.551848324246142
0.005079555174878289 0.23354381180294115 12.926165198649556 13.547375401987797
0.00624667421891349 0.228747873396566 11.864122389073147 7.708679513357833
0.007046209503510606 0.21407312748379204 15.516725080916487 14.976361171013014
0.00620086688905385 0.2195431517698121 13.86520481753138 9.490303946331707
0.008239768558273486 0.20902272738255534 18.714673271096473 2.9707879590905364
0.0038968432337567814 0.2470873910821897 9.913874461025252 11.376806991194936
0.004583338098333684 0.2716958624735756 7.372560307102019 3.4601102324021875
0.0071883988439410225 0.21802665975591318 16.334117207489072 9.53935891609265
0.006984766772461923 0.21875193480166943 13.85212339236886 6.7346621364176915
0.006976931144058477 0.21019406788265615 14.57140394271848 8.131484099332411
0.00755896113101303 0.21429617627697306 14.09915304325025 5.055917104417288
0.004401184236496272 0.2937415234896804 6.784406549830022 8.722618477761992
0.0035091576863472726 0.27473119004856206 8.695764228247857 14.473382139505839
0.005418830233949272 0.2670321438438661 8.956007817267452 13.519613728881092
0.005470587414442734 0.2480172875085105 9.252887995307363 10.53032580069344
0.005681891777580896 0.22764272944783004 11.759876025053275 2.0277878298769956
0.005383842472321844 0.25757652435669354 8.967525835234717 10.614423309404934
0.004014983223243316 0.24988026053644008 9.987332604096117 13.041579926366918
0.0016499148052143034 0.7357903164977333 2.0033431011617093 4.390385843277135
0.00359307418030653 0.3081645083525619 5.854104163443827 5.160625139132373
0.00635354967941863 0.26271435914511976 8.243656396701198 7.449161578241853
0.0035731053108612886 0.3155689545891557 5.435137453170494 4.172806337716738
0.005930407550010548 0.21493570059388545 16.178167914191 12.389160791974003
0.0052858427638377585 0.2219151240829651 13.507447367511146 10.154872066273576
0.008240335546472993 0.2165994828240464 14.73092266829789 6.285193216799835
0.0023454850104316144 0.36030948071141466 4.874439526436023 7.2657108116573506
0.0041961755259326185 0.25346166980675555 8.296066659885849 3.654967739452859
0.005953656191640987 0.24563367691463445 9.25922211154266 7.664052461290215
0.006238926158376112 0.21812174696627507 14.035116221493759 1.2826324749441218
0.004021834297044961 0.2588421372353049 8.166576001036255 3.288795684185244
0.005847568756040111 0.24572428657575296 10.18446760977328 9.252767875039952
0.003041304339146233 0.3092914449996814 6.390423835758802 10.834255890493317
0.006209862219557362 0.23325985409938788 10.485644303420207 8.555069685138347
0.006395925038360213 0.21972074177775436 16.286904729044068 14.760928752958625
0.003998063895715071 0.23238306726708247 12.012225545220018 10.130135200375731
0.004318875456378483 0.2886901919888428 7.147455356535553 8.069053121330425
0.005027032797994745 0.24218227329141928 9.941230222306618 5.649570932296878
0.003855991100180377 0.26345592446050226 8.101587238651103 8.778647642024522
0.005981746082611195 0.21803567306321003 16.855600594586683 11.856051362926452
0.00471691588253841 0.2639525891029536 7.930574986862757 3.6294407948892715
0.005024504649456259 0.22738015609445872 12.05901774561372 9.793973286593406
0.007819037099246966 0.21912022553939503 14.118847908401682 12.71446938882406
0.00694202914532987 0.2383074909832663 10.972459758253157 9.369598478319116
0.0034669990431109897 0.31737732290834086 6.224551031833264 12.184730920126258
0.004449027567678994 0.27303151171922146 7.246517628799809 3.875314731786342
0.01 0.21794925584839275 15.189859873627878 13.412710176551897
0.007618827333915192 0.22095177998114013 13.07824429686357 9.72371966275935
0.005248129837905069 0.23135833123939586 9.7525250867162 4.604396548248035
0.007361772541628037 0.2119969050825098 16.137634767292457 12.365544818394593
0.007161946420921305 0.21929627590179468 14.238520929221275 13.29125387996185
0.004259847565187553 0.26005107890112333 8.188638937153781 4.568061559741148
0.00620434276420794 0.24955453355211477 9.059006337633422 6.086526130594009
0.005696157103494187 0.23567585717653883 10.239543459917527 10.338061439081784
0.006012535133083016 0.23571187843824637 11.604055192201285 14.961163424279416
0.007752685077269329 0.22600420406534338 12.222879708119446 7.634654445788159
0.004432599314417718 0.23771243257309593 10.722809678651023 10.140447322321439
0.005691489759904656 0.23288621687241873 12.112147066900448 10.460028900019351
0.003993554829792581 0.27815766340396664 7.414938579891574 6.9009170260962085
0.00303965079469786 0.26665816733980363 8.094000061012803 7.054599064540251
0.003228514954022518 0.2989973747074186 7.014800260792289 10.778790454215109
0.0032101530000952353 0.3057675787400078 6.071673666191889 5.961580767704614
0.006975820664845058 0.20388477276540284 20.0 10.305444511713448
0.004423242236135981 0.28685357115113674 7.153880915396125 8.476125185471673
0.003935507901269303 0.30946805474956396 6.254003384085472 9.598608241868682
0.005838957422865658 0.23702651822225784 10.179083674190453 8.397788866544884
0.0070513807837220294 0.2323939726499612 12.058661123123594 7.742165005894258
0.006826869356255795 0.21587440342432485 14.258779006074661 1.0
0.003917789096186929 0.2902988089166416 7.022948295866215 7.042801059135213
0.008532304494168327 0.2205939897446253 12.913459549969092 10.6535346487384
0.006360629425304251 0.22025086347222023 12.470662963498338 9.282576463611523
0.0069890965571843735 0.2189365076661014 11.688333435443587 1.000562933765984
0.0075990794537533135 0.20649994346070677 17.533077294738177 4.870218250044346
0.005349089669095583 0.24391779849017448 9.580596425357173 6.254836006202606
0.0045782866179540525 0.26379584866027594 8.101982382048107 4.446562401306068
0.007653705516160132 0.20957192051432094 19.523529206840813 12.699450749041244
0.006529762880718021 0.24242561323488587 10.848069607702659 12.826014214626294
0.006837569638026437 0.20943794058464638 15.72181899999698 3.210621386407091
0.007319787307359649 0.21371096558368508 13.712202731792868 7.445209164056114
0.004003096318560104 0.2861706085735862 6.171490900299714 3.3307368932194414
0.008538214621443942 0.2111486339880787 13.50072138277199 3.7083244372679687
0.006857899956729945 0.22806001157332834 12.782102450884317 11.719303365114852
0.004076533417037307 0.3054895900870165 6.42852135889824 9.849779199468397
0.008197639742564116 0.22830294780019733 14.311982418517031 13.07575162639954
0.006195473421906429 0.2531675434082207 8.337910295241542 3.647157183378267
0.004781170671947296 0.2520183519126624 9.52400348772158 12.089093072234082
0.0056855330104830775 0.2201706271576267 14.97762992854555 11.212600609367815
0.0050563889104495545 0.2537255504733986 8.530898695924488 5.55685765090489
0.002951769847500323 0.31391278577958037 6.131058662113466 9.547372193877123
0.006180000869129784 0.21501653663632414 12.473832938870299 6.559717569666574
0.0027620140660150803 0.31585250769664996 5.565312151261883 4.599496070280708
0.006385400028255274 0.21600703331858773 13.009072810690125 6.633013085937213
0.0033556591255034557 0.3161605133162998 5.661197905276374 3.4989431407539655
0.005712791773549369 0.2396235816505753 9.890035094085984 8.281317788314476
0.005756181095920057 0.23354737382516533 10.817908943283156 8.177454089443904
0.004517757112095931 0.2489801312537584 9.438601165312871 7.547113393434546
0.008049971536985171 0.21718878025236787 16.377935615192328 13.544162217158952
0.004608404311161778 0.2633765253286301 8.29198176099617 5.817284038656007
0.0034921367124136084 0.29032527152313603 6.9520216836655555 8.748851018234726
0.008539649947579187 0.20275285407454358 20.0 11.540455966698294
0.006887061770490942 0.2434351516648926 10.044083245897362 11.151066933001545
0.006612153712052534 0.22720844611720292 10.310192898591579 4.3209354533262285
0.00513159346370675 0.2546214718106349 8.242046364284782 6.683178243551394
0.003410573988095729 0.27030305859082737 7.538674205819076 6.930568801095898
0.005353215070826568 0.24053599517402047 11.198497394283201 11.8125564891725
0.003930597156951771 0.22040889223067506 19.241706395822835 6.5515300997304635
0.003080030858045727 0.30513392940315587 6.399644156415577 8.065518541739017
0.006837132721139321 0.21396779010169242 13.970869517986909 2.6522822652062787
0.004730051915791077 0.2818756493163803 6.90024452058344 7.190905289178312
0.00561619889180884 0.24058637116088633 10.853818518676817 10.732766845989508
0.007625386487973607 0.2157163633532595 17.072021801555838 9.34365814633778
0.00603468733640635 0.22257826720679552 12.129732708818118 6.252908626164933
0.004874339357744052 0.24884849631982642 9.825549815366905 13.559878789396182
0.0055553411961050845 0.24847697749719977 8.736010221345783 4.735789613136022
0.0018499522782062221 0.3981393269260177 3.8711557752287433 4.03046773551415
0.004623142241728797 0.23874245219863988 10.793882965019892 10.804078656139453
0.007935992032184789 0.21066528347405 14.120566219895455 11.275845848417044
0.003445746378761389 0.3493476166504187 5.413517359889225 10.685912832108334
0.0054889780872713545 0.21104475710753645 15.160903422949554 10.385790050592334
0.005598690107285389 0.21825343113779427 14.9506354958842 15.0
0.005727011645091345 0.2841142028520721 7.380464015472006 9.925546361394645
0.005642907190273271 0.22490120679827497 12.8747367126505 11.992528311759454
0.0051550492188674295 0.24452659410757693 9.675955473476531 10.250040974212455
0.0041339348725771274 0.27277637678376565 7.663115775660751 7.407593750533261
0.0063585108609528025 0.22625837922845016 13.932227055831843 13.146848018268066
0.005639192617678173 0.23068394862620523 10.42825821245826 2.6789896984863226
0.006682462817770503 0.22226325513235123 13.264535879965289 12.120520204615666
0.007767591521452014 0.21638699126645455 13.82051823920475 9.54399934139168
0.00405991272356065 0.2457587908795965 9.689806434798784 8.761867277682295
0.005669090630739953 0.23004947159504485 10.627169544981061 5.474753879056043
0.005395322713963979 0.2269677659227849 13.02310805376503 15.0
0.0027289850915618273 0.2967669250751108 6.376684686143066 4.843566947630416
0.007318837584752794 0.2199888100074463 13.709793732171391 11.928360425941952
0.004333479311584444 0.2617942115659633 8.533930904884357 8.543348224051808
0.005352262631423339 0.23649450275531048 10.26262358517972 7.766448368965524
0.005421868315489915 0.2639329060217652 8.002016007170313 7.619733788692754
0.005298081724832711 0.23498409711579593 11.43361279862866 11.065640104448592
0.008125219755315834 0.20444631751503184 19.58288121592323 11.373924878106479
0.0032912730635280348 0.3342802022490633 5.494452568176352 8.784319002400816
0.007032443785627994 0.21785233814571237 14.734934976414571 8.360737176459182
0.006269460771169776 0.24311701807505226 9.95467112576462 4.274781081708079
0.005686892674164556 0.23019751410788436 10.67139829933318 4.2649907466726305
0.005028114414505824 0.24135013143406092 10.041350641606984 6.475544168367692
0.006052955635786197 0.20765232912319564 16.447411134822776 13.280368282340582
0.005553857154162652 0.27558218562372394 7.736494772476548 7.467649582764097
0.007824975126696025 0.21096969164980983 17.17157251028081 6.824635116545891
0.006979894486972188 0.21529737971245888 13.653292212856957 5.833843913594389
0.007833435020415426 0.21067348504723893 15.395446764081882 13.078226938949957
0.004705590126325394 0.25178447439553464 9.639563669488894 10.850910779490619
0.009152977935493127 0.20597157968511748 17.44420810327039 9.704077894075215
0.005239693436188843 0.23760953742021496 11.274274027805292 8.520417705098357
0.004267653259512946 0.2592092987051403 8.645588706894758 11.823342039332045
0.007069382065592428 0.21279305991844666 14.966975897920742 8.774171337438762
0.005737437782297292 0.23836606077824052 11.008351760309353 9.11379383765279
0.005535213219489395 0.2338710585317768 10.841057825160583 13.189859412270742
0.0027094401087526857 0.31221186362638254 6.973647478351398 14.704797376484983
0.0038577601632175484 0.28191596790797646 7.19971086845452 10.23376340598697
0.005919187733639141 0.2239358848475449 14.548360643136178 11.63302222334675
0.005366991149498114 0.25209831601933297 8.999833859804191 5.43755637377949
0.00746333775719698 0.20575219892167262 16.385829134106583 15.0
0.006351796702461332 0.22689055223663035 11.948886882448196 9.631395482331298
0.005324116466440533 0.245810828967858 9.658777112934906 9.355935478602493
0.0076179761146802725 0.21634021148436 14.835401824382764 8.665119009707166
0.004629859103090566 0.29897283256797746 6.9025285233735865 10.930357527001096
0.008457327064707884 0.22741559683065005 12.59427493245439 13.091361656443953
0.0068677844021135595 0.22722426771362714 11.260002052319345 4.884346568063425
0.006774807103762303 0.23580052205633917 10.986014527401558 9.15459585050479
0.008936279307999544 0.21762065422450394 13.489960481403246 9.796988592611529
0.004986892437543867 0.22916321727917321 12.46330420321507 7.5664144348218985
0.004895315552315074 0.21086335777464504 17.264162845101968 11.093387254789617
0.008307715558994039 0.2192420099453053 13.81438031693128 7.233133697247122
0.006993517321778634 0.2172558073200801 15.063580396657805 8.483332552754241
0.00635872671458863 0.22972706144244637 11.616351878353747 4.2807409235621305
0.007318117986289853 0.21349458340013128 16.08831994726153 9.093502217617521
0.006240540648209448 0.22015688056172444 14.484028461143929 7.3306750453538285
0.006944449321748663 0.20611302999931924 18.088083971604213 9.419328353152112
0.002069746600579845 0.42234706688387413 4.078189113296846 7.840902441352087
0.008075622857182054 0.21744753357430424 14.783243100693834 8.55776865507777
0.004712638775158237 0.23023235632541939 10.817903109513665 5.350580892545089
0.005584533521371869 0.22687825545308393 10.851068558900058 12.272597147982054
0.006700460078798302 0.22141296422036139 13.339576632861847 14.262256234062768
0.007913929390513712 0.2062757416816019 18.822939466158175 1.5630591042909803
0.0025195325453755205 0.3059925732044737 5.959867098523994 3.973670110848638
0.007330019969530858 0.22551713503655402 13.788877528314464 10.806806441072027
0.00733484109249684 0.221828842046063 13.050992903753066 13.741982902571655
0.007739658509505747 0.2153652831857742 15.391341028650636 7.83408443243609
0.006972758280284725 0.23694451045492038 11.252956732751077 14.311011444454603
0.004303912613452324 0.3039442713325855 6.432826082101955 10.410915406067877
0.0015797392172977502 0.4032113796655936 4.142516375741955 5.977566402050833
0.007633026102984627 0.2166270019025106 16.158867533830353 9.865999617763277
0.005556425988232862 0.22148174991105452 12.422024613717788 5.5864162438627885
0.008025952994666723 0.23665589101459794 10.24301435988429 6.651070616234936
0.009364838016179496 0.2025044077306405 17.24707896605356 8.436520533277779
0.0046839701725314145 0.2676130948954505 7.2861365383314425 4.225503645068596
0.00819518838463185 0.2134957778559391 19.057770643896117 6.641507044375729
0.004380255536189403 0.25517774394782866 9.20654536658847 6.267417053707579
0.006575434002076361 0.23233358055292563 12.080178315490185 10.202795228649478
0.0075231920475053865 0.2044323040053988 17.26212472520242 2.140529090551497
0.005479084073126789 0.2363900943570204 10.569018645082325 8.170817720929383
0.005614686344869021 0.25463515458865116 8.243288659736406 5.1781059791802795
0.0016031752773530278 0.5766088571238215 2.5417469405170063 3.8308505934938584
0.006302687919205353 0.23322979387977416 12.349903872039457 13.40772393061689
0.007541428929566741 0.2249694821982604 12.772089955649275 8.25057621699291
0.008824320519750913 0.2086728299428653 17.215482251908938 14.249347170684604
0.003838148333877113 0.27267828571394725 8.196297162678544 9.926388520304315
0.004878337327960327 0.2347012940565234 10.979128649085387 9.69901990749622
0.008888761742178758 0.21618928819800132 14.228223248943927 12.76459689813812
0.008374087928872839 0.2037758250706706 20.0 6.117942398345662
0.006942693680253282 0.2113414827300285 14.905012851306942 7.606726828581038
0.006803237345566848 0.24289311397094737 10.351467539337511 15.0
0.0044151079064371655 0.2556770121865346 8.782637766002313 9.2222991788749
0.0026298515192273195 0.30902894632164324 5.5248759974457675 2.075502355398182
0.006014400987586852 0.23619891175781105 9.46927160286708 1.0
0.005438314624899657 0.26742832020299434 8.363782215228374 7.993261263790078
0.006827999096660177 0.2139631743614484 14.06911478486266 11.364581843912937
0.0059390667049786855 0.2304153022273726 13.07625003862653 13.046448672621894
0.005946114862361892 0.24542973931325573 9.905165019815122 7.692080436766702
0.005652890652917566 0.24206026795165503 10.396343711529763 10.817807789748578
0.006186064528133802 0.2299818487094477 11.828757784012156 8.377541546189773
0.005965411203960869 0.22761904300809577 11.782501465397035 6.336294868321969
0.008500085755217471 0.21284387525618087 17.158967919134888 11.274557172373836
0.007961411656742232 0.21131539441750113 16.878500135590087 10.780703136924082
0.004812623890098733 0.2617523717755641 7.459572591217361 1.1730142837306516
0.009145707198737757 0.21388823407045998 15.372518593629207 8.862243089653433
0.0030726704409327894 0.2800765443184752 6.671686689163202 2.6299840893004305
0.006149067755542176 0.25041710524830085 9.564408910140502 11.327722040891596
0.007369641816290707 0.21310794551544954 13.170706911797998 6.342067233900555
0.005012900912205585 0.23780599736704855 10.461488663481946 8.688528608014531
0.0071113771786802385 0.22855047090850067 12.327978078227847 9.489250886854123
0.005686121896349475 0.24155405312690426 10.329443869826914 7.734141051375958
0.0072848765567359326 0.20620752419060284 15.514161575805165 6.209977369426564
0.00820694356509774 0.21265631909657678 15.71356360152307 8.165387756902836
0.00511705650351032 0.25903912519158334 9.203354995780355 14.811431790712033
0.008785567805335187 0.21672396157731333 17.700925519122382 5.270366221277493
0.004408568259912113 0.26327425675356186 7.851587279283345 5.111970390920318
0.007833908680552957 0.21548843845418364 14.883942059988396 6.902238918088505
0.007850415338291505 0.21657223161133343 14.850985364087881 7.689100457340686
0.00678190557526122 0.23200493806683742 12.70902885205457 12.351169117308
0.005467488555144349 0.2283307252328557 11.766942407399263 7.220447977280141
0.002107258674985603 0.3743659083755223 4.487662138736097 6.114573295953959
0.0074721304740169095 0.2086141966196834 16.198284881058605 6.969795909660962
0.006929069138873312 0.22394345533998927 13.012371548461442 7.992775414398572
0.0078078622647045764 0.21729623279124788 13.016761413655772 6.279912891387379
0.007662900278821402 0.22190229820865393 13.302327960141655 12.074006878759707
0.0057350027711124225 0.22516542264056938 12.294567489788214 5.8151289344717
0.00582942983827143 0.23765981385420154 11.584758377570264 12.19251846766576
0.007601262678332178 0.21631234191572402 13.807914776937814 12.486798305851785
0.007143906719526746 0.21675409026713355 13.346555049891833 8.98710792845855
0.007155645668782305 0.2054713107985935 16.685180098108933 13.796133573389495
0.007163539639357816 0.2193069755832141 14.838670519810663 15.0
0.007173477367788481 0.21557637005645003 13.269822752119852 6.3754416544702135
0.0010830156150936658 0.6536360405283372 2.124538620672533 2.9789398357224943
0.006225496336817931 0.23810182623871068 9.605308678313566 7.311787459270191
0.007938669474614642 0.22293160981200644 12.680675133238614 12.669123977553426
0.006565443508784664 0.21719311004626984 14.204226726804986 7.395512537600377
0.0065492084276496335 0.21457805318608303 16.288107439061918 12.04358111352942
0.008072478040989659 0.22081813904171343 13.600869704795215 11.236665993814956
0.005058281330137399 0.2382507970858978 10.264607760477853 8.419176729001311
0.00170908875707448 0.47118766828655667 3.364570249826464 4.952433107740185
0.006956268958862081 0.21672928094848065 14.408711377605716 9.773147668772582
0.005487279772406585 0.22984171310159784 12.144903155345673 6.277400794437571
0.007261675890687179 0.22252173615484094 14.394159949934345 14.237823700096648
0.0021719366132068175 0.377857676476435 4.806520120963624 8.48915732231745
0.0007773289087486639 0.658358135294323 2.0000563383026453 1.5780335152613274
0.00654386579971752 0.21366359679940528 15.259986711357671 10.997957846542262
0.005329707308871543 0.22180154491319548 12.066122977977052 7.912450016868153
0.005932445780006169 0.2218552929777602 12.769511239997994 4.4635459445177865
0.00720127833770781 0.2156534506298241 17.736695621986193 13.205561315141498
0.005936010789452392 0.2289105901810381 10.871355019321104 5.309164356241801
0.0075323707624193915 0.21278180166626415 17.74468865717054 13.640534340584193
0.006720551915371546 0.23084380248304892 11.405374000310164 8.642292879348046
0.004616365405235242 0.2449336035879739 9.78679746767203 9.92500427188967
0.0075807284012506535 0.2150785027632588 13.09444709887107 12.377143356793901
0.004524084970443081 0.25432476226947986 8.846330132413685 9.244577182744173
0.005644513444417776 0.22427202357384157 11.48470612378191 9.478485295315867
0.002221773298793915 0.4064626934910551 4.099917379089736 6.245721783533253
0.004255525113516229 0.24846345579733897 8.814859328923019 1.817517842486871
0.00660704477631683 0.2174222230770234 14.31886962784846 14.784339563734118
0.00570931167834162 0.22605703319457227 14.03837257605109 11.246483945316184
0.007117468831141114 0.21983390253890256 15.688408881064825 11.3030682808104
0.007526594273045705 0.21238737876996616 16.867173205755332 13.842439406752057
0.006551148213086364 0.21932421398025503 14.000004135101527 11.969080885649944
0.004796576929553969 0.22369983968171026 12.591014411803215 10.186180644141896
0.0025284021825227347 0.4635300453926775 3.7055540772369158 8.865853353712884
0.006048056610053243 0.23388044209935277 11.35479732990635 11.189112206473972
0.005290596976330824 0.22157096213477367 11.941896491063115 12.236484148886518
0.006988890304667919 0.22190447683015146 13.207979608653583 8.768904750076622
0.0034672598217304123 0.33358959693636003 5.933311725011793 9.89973848622939
0.006621404919321738 0.24527675347637867 9.182651629556508 9.173162229439617
0.0059457697809440855 0.24018947113603162 10.110283234054632 5.781451998448513
0.003612267385474326 0.2577471446434315 9.270916748242009 10.004557117984
0.004075020176766778 0.2670408538742891 8.162460777830674 8.320333817286713
0.006650833058151572 0.2201607733844304 17.317036965127755 15.0
0.005419452729808089 0.2787112677744603 7.154892140739236 8.837765912724713
0.008027686840688665 0.20405957928385132 19.365516706941058 7.0209911981043795
0.007115217182720912 0.2015126776731183 18.190921940011286 9.252975467285921
0.0056401147692379675 0.25525611380940794 7.9431499887458 5.320855196736707
0.002409782662456089 0.3059505410290184 5.969891570511057 2.7621543830166218
0.008437195110913438 0.21158157356864937 17.01178518848689 9.110684367640337
0.004713473921738898 0.2364040772637518 10.460710639436863 9.721458772142585
0.0075121838185877015 0.21587391570488645 13.963782925258277 12.892486318449755
0.006090094381810339 0.24568447723442888 10.182503535033721 9.93428658096033
0.006353989852193905 0.23717813334834004 10.840506754283465 13.145658884590384
0.0059740983904531895 0.2483944097417835 9.235650825571872 6.0278887609377865
0.0031710511559317265 0.28539167273730315 6.518904802703989 4.806280299709329
0.006132228247337083 0.20642880630550609 19.933152031454398 3.409416883565683
0.0070393234898016195 0.21955668653505755 12.845867467753298 10.745507396222125
0.006172096503196372 0.24624459242428143 9.44369169871274 8.549184085665633
0.0025260108222651357 0.2868405636821715 6.854136827720245 7.000920578305418
0.002324550531634871 0.38604197756350567 4.51644282098361 7.9038894408561875
0.006836932865130452 0.2265882748027701 11.66330250212354 11.364839818365812
0.007641111165857213 0.20722952374998227 19.470541224617527 12.834900351646262
0.006315910037067081 0.23126707898449728 11.601279089358288 8.37090455029535
0.005745668971463884 0.23661247510172634 10.859720927170194 13.719716547522996
0.005856517104122369 0.20996423792982544 16.359900534002758 7.174394803149544
0.004532962771162916 0.2569471728677082 8.82518956357406 11.167415137062296
0.007582996329730253 0.22546134442171117 12.34408166102751 7.620832168108187
0.007218996337975509 0.2096554579810912 18.610352097366228 13.098768338809926
0.00866189786391467 0.21721380963338466 13.72322476961399 8.275313560683045
0.003577098535306306 0.273041492386601 7.791561995428281 7.846021486036676
0.002136633072409806 0.46776231596459683 3.306358089282009 4.877740833799562
0.004454631350668503 0.2668719735418198 8.353086421756863 11.07613310354773
0.00711908033394434 0.23315626039423865 10.71257310643867 7.136455095741634
0.007444921431168468 0.20661340940932094 17.488472745797935 6.940270565859587
0.0062684091988802395 0.21982760628228837 11.663323068249168 4.376728378808048
0.0034321731777933913 0.2916041032133213 6.910695628627003 8.145479758339636
0.003541340163543553 0.3203664810561494 6.103329067387524 11.82599533497832
0.0059589210774184664 0.2116980988723578 16.759130689707174 4.8844596614680516
0.006932111627000834 0.2103192836319545 16.21241096551373 9.560331149158344
0.004558867646714807 0.2726225061227353 7.778783026745571 9.455724883878482
0.006559124304605013 0.21646507638617418 14.707108995432208 10.661995441074188
0.005521302270221869 0.25874120541540657 9.546287745825897 15.0
0.004695580893730219 0.26521306175077997 8.112620850545841 3.901445126400886
0.0059616160858606635 0.23400635052117413 11.72185485765645 12.487930742260684
0.0063344853808024165 0.23481390339537056 12.578907921891224 11.110362018156376
0.007085171085276986 0.22804885899195992 11.395147462792456 5.462660173043533
0.0056624974272227865 0.23614833048581652 10.619100367270432 11.84010649868192
0.006792383271672983 0.21581708380311837 16.54831729559431 8.105097089637392
0.009139642938866958 0.20676863140033974 14.92747249201746 6.713150851114953
0.005419644337747001 0.23786118380286914 10.167584228044463 6.631316644279593
0.007341963638887777 0.2162860252108758 14.389158154465804 2.038864288880074
0.008477399803769535 0.21209481199205982 13.766692548083967 3.882837553136415
0.0038681481440764167 0.278903080685592 7.5536298239083095 5.078048839548609
0.006982051904212451 0.208190648582671 18.87483612109357 13.770149079815784
0.007591096515496607 0.2198465506974412 14.223817016588926 13.255256110658122
0.008216612469511919 0.21212656217602144 14.519971723536248 6.159151713084477
0.008238813957059703 0.21385050905971148 19.556252820444683 8.684191456568358
0.005217294285096396 0.21321500262191917 19.07333884659181 10.844857811741313
0.004939142746418905 0.24069802442885535 9.681115902815709 3.7237718849749015
0.0072545460716783965 0.22059798992269486 12.3449873940176 5.203196544766419
0.0020676677795992493 0.31276831199832 5.813831781791162 6.143655094308718
0.006740718859653502 0.21503862047979383 14.120919782983274 6.099916811183075
0.006625723883253405 0.21578245353225234 15.331265502614622 14.85498853013834
0.004162646890723752 0.3037831109393311 6.235284636825451 9.205369313312094
0.007683265853146074 0.23567049553394837 10.741941996136315 7.741365496168467
0.0021865792877970897 0.3506420718206923 5.225255033290241 8.710105735949291
0.005152979470276142 0.2556727494226593 9.117907064117492 11.100027478920051
0.005143046934111001 0.2638258488103745 9.23281416784975 14.987934965550034
0.004347665373670836 0.2653486124505309 8.630882338991983 10.504818268086295
0.006275277440456321 0.22202289822279997 12.933989871907176 14.585611480163958
0.00728420192866165 0.21414703236831 15.554456456045033 13.507808714612201
0.005902338179681154 0.23245027399065943 12.39274089573253 13.315979740524083
0.005240142078537041 0.2361276991475656 10.539989932740848 9.071716848428474
0.008189113635526761 0.21424245061517078 14.222726728048645 3.53944206662408
0.005146184722116789 0.2203912991624799 13.455774833810962 3.044833802820956
0.005131474270040547 0.21296927393448883 15.038889973292852 8.072231160719793
0.005475155427587619 0.2708975074336063 8.347982699044058 13.845181451226665
0.007137475211184879 0.23779217979170486 11.973340786587476 14.538833234177062
0.005966288663590046 0.24287046551868252 9.776451599713262 7.453240062628305
0.006964311182185478 0.20911370279168429 13.96195112760458 5.022721250056298
0.005573156724381586 0.2577302239838203 8.886673680663506 10.06879256753564
0.004205701311170227 0.21611043277311393 14.369762971365107 11.997297143012485
0.004852673556993521 0.21775709963302647 12.631407978690763 9.770371308736697
0.004615953704887938 0.261808113085119 7.919719017508515 4.927382913180964
0.0068803925784036175 0.21055134023625033 16.586820146626856 7.806465173263043
0.004924846103052978 0.2781982503221937 7.733850529245277 12.451959315371298
0.008405838119757373 0.22657336580815535 12.613281409995215 9.917053193071354
0.006505904131328859 0.23859054201984764 11.157359158731259 14.189147505685426
0.005046902705568297 0.22918904330568401 10.759727156930678 7.619880436469388
0.005401770725510623 0.24512101587602297 10.11205287003603 9.595140940447406
0.007432480035279538 0.20715358299237185 15.359348394517795 7.124951960527784
0.006376010515470202 0.240975866149842 11.330720749777534 13.19540531455522
0.004763177919058811 0.24341442592414997 10.240029647631081 11.207975136800389
0.007535559738794008 0.21676572640899316 14.201609415970092 9.92818183554165
0.0030271080975399294 0.33138383343751643 5.543952883153412 9.361587220614052
0.005003944080677154 0.24132490007436314 9.611477527494158 7.485614177010874
0.008790719810350378 0.20834124930207165 15.475916937157844 11.424962772644516
0.007073586165169034 0.2161613234626497 13.747223188278287 8.173894727350028
0.007518467520120269 0.20794378758510945 15.790465156522398 5.664643087014349
0.0011323145073342568 0.6747137488243062 2.1566966334032323 3.8616499191075553
0.0057794550202872035 0.22817145401730365 12.109388160246214 8.439997676493677
0.005934991452812891 0.23378343162149207 11.765858341415743 14.760880027694727
0.006779589325578864 0.22220939756332925 12.346122895876217 8.740304592494198
0.0066028344414788154 0.21454802767618375 15.171832591878314 14.919345051194423
0.0072777403328459275 0.23030519596697407 12.915264602311169 12.311876231337227
0.0073040303704507556 0.22471303950021249 12.359036802961231 8.895959212486813
0.009020331259521178 0.19948403797428882 19.908708792925914 7.917918978282354
0.006096068912513984 0.2328664983057458 10.655728458640537 3.8258930322433686
0.0031968792717917832 0.32787863799182837 5.301032363983311 4.9332743101656025
0.004483627430630159 0.2855099748260551 6.715514625355737 4.825701590272813
0.002574902828017289 0.3326596859301959 5.3424131095276195 6.665436267077164
0.0019566946964029368 0.41650449383673893 3.8256994930762884 5.288309127850178
0.0062586810127132405 0.22219914070475077 13.742835278608243 13.92844138379116
0.003959480977697654 0.2619190944061571 7.840439129523782 4.221813572527501
0.007506493716906688 0.2070297725865451 18.38283493356127 7.347828386444764
0.00313412813268201 0.30535407528168246 6.451923157834908 10.386542700892797
0.006931835412533529 0.210982250181725 16.93172126752873 10.26870554346489
0.006316197479115748 0.2336062264793597 11.517867230456293 10.38546880662677
0.003179793570413072 0.2726140105658058 7.845307846048447 10.282014787051324
0.006334088441615268 0.23315554078864276 10.221630206855703 5.68484543871943
0.006360844216826256 0.2438107492480519 8.264148724961435 2.8603187028739656
0.007325240333230386 0.20678271167408613 16.579670499047786 11.369135599330352
0.004881340382717761 0.23651429792286738 9.343880835617547 1.504331117333205
0.007540518204987195 0.218013657880459 13.323899237188026 8.063533100625364
0.005891746996865409 0.2507022832032202 10.878735306900719 11.275181309155421
0.007020865972575728 0.2078096724519113 15.990273430130378 6.462508609150332
0.004847182804069115 0.2099407217185124 14.306551834538862 10.867737939085849
0.008039554583364982 0.21945323128985927 15.994908066290124 9.705597883886632
0.007365670447243026 0.22140832916636022 12.965863699494605 10.690164725199093
0.005924366576059579 0.24813804104241433 9.256123780595157 6.938756601797406
0.005219530300273921 0.2323863858699975 11.178729012624135 9.985322710494383
0.002209320240692942 0.3401766864395468 5.03468198080094 4.5466309589766505
0.008406777222582668 0.20511146773316413 16.836279399895805 10.535219241090438
0.006454644191318979 0.2315023230512182 12.447514393030671 15.0
0.009885922521723725 0.21611672151786931 15.03068769423928 11.13453074136079
0.007812118728620514 0.21873781907852907 14.945043982136195 14.321705833230066
0.005485596051340244 0.24283846065873316 10.155619373589651 10.706146166927349
0.007797261977530874 0.22816196210978812 12.18743898736579 11.622422919351637
0.005468019448581811 0.23156408116682647 12.076762026425605 12.794254822082795
0.007609904784564652 0.2309393593274076 11.224788033287771 10.12822257458102
0.006318032950624367 0.21437794046868597 14.091754690109115 10.21619068200744
0.005994588445119615 0.21722572755573133 16.764704987760748 13.464334128151272
0.004224668635531207 0.27880389220775714 7.537347572700551 10.146076253383457
0.003611288695760959 0.3095711536307648 5.99341509722139 5.570046953819805
0.006121716376749534 0.23477810227670837 10.85137702621279 7.5970432033413
0.0077690900345854415 0.215353497717915 12.583984706859525 4.154257641558578
0.00671866599189622 0.22777090644303188 11.509113334160613 7.044880875435947
0.0015604390723110099 0.4309234528621321 3.9060612944836635 7.091828307090443
0.007522530384741795 0.21580255839027251 14.35866183881835 8.230332704704
0.004403564343812057 0.29190912391539037 6.944777336590215 6.798279252693755
0.0036882610258736144 0.34145363924665995 5.2108570858773335 6.513179029407404
0.005004646823952072 0.2471656735290877 10.585009503436725 12.134467803784023
0.005109371322096786 0.23609372212665847 10.352516845637156 7.2434378210514945
0.00769245238581924 0.21620070985542694 14.690879787024597 6.289960319063816
0.0071154274814812886 0.22235614821041227 14.002302013036555 5.245295426414559
0.004379012131494957 0.2727834736469328 8.038842738258731 9.923880700036065
0.008578797626328216 0.20263897832852684 19.733131085476096 9.565606349165417
0.00330944253340249 0.3382638241207424 5.424834481894486 7.274614294840877
0.008123318050020959 0.20462565702207824 16.785833262413597 6.3508404316693525
0.005421638237410845 0.25615624590674824 9.314678017318997 11.867613620411484
0.006239086772474857 0.22625424081493262 11.428992740134039 5.12750363813713
0.006748076695959114 0.21317094982065699 14.8440067208885 5.202495747642843
0.002770123216014125 0.28899241162641065 6.20719763822377 2.9838210118112123
0.007643554570236531 0.20381122955504105 20.0 7.071274092416058
0.004692515999915176 0.28677811798151853 6.804265449084816 7.355048482358846
0.005472486443309546 0.2375983510860289 10.364021874584603 7.977149845796069
0.005142502212507679 0.24552645920597194 9.786591054947321 7.1342583868015845
0.007574003749675666 0.2472814701256223 9.711234672362558 9.202631133384347
0.006047031211267195 0.22194066895352293 12.680213242038597 9.705257650231717
0.008570590970437492 0.19975129389830293 20.0 2.9816923323975857
0.006140588908614046 0.226739089440266 10.969957336017378 2.6644824193858447
0.005096592116381821 0.25273292202600917 8.87591653598822 8.427315585914089
0.007072595366264006 0.21644219330274028 16.213070010938594 10.70175059805791
0.005522727207897878 0.24169815355565083 10.317486372131054 8.666182306146679
0.006781642417722568 0.2309709786295051 10.093839679645265 2.3998835424197464
0.006626419903282265 0.21698720618291978 12.666704520566595 6.534375455341619
0.007807997565489487 0.2209097008919957 14.617199260241598 11.694999357046543
0.005792234159182863 0.22922012277748283 11.302882395952208 9.304819638883522
0.005348465273734906 0.24312986446783058 9.691049260011269 11.115778375927446
0.008660146377528648 0.22211970028994177 14.616026284820691 10.076180242386632
0.0005133043647683024 0.6112196078546154 2.113259048340776 1.0815746653644895
0.005194370118355957 0.2680925413854054 8.28517278555059 13.670307792202273
0.004951375571504327 0.2518422542812194 10.003082369394125 14.996095779173778
0.009034471801163221 0.2027305348446662 18.83295850567966 1.30244711845262
0.005170645957442986 0.2409562219384619 9.38260464792946 8.13199324135432
0.005408177309653039 0.23805892384900962 10.43034004253915 10.166564007805437
0.0063121719975354805 0.21065604226617707 14.832388392124138 1.0
0.003910782847695177 0.26537049060262874 7.20083207650282 1.6283014845285226
0.0075564127275493265 0.206743604915809 15.22184791483061 6.378566928963323
0.0032913151529941945 0.2974196901187417 6.36151506687206 7.363891055652861
0.007767614608240495 0.20726847724007125 19.952134212708792 3.793796185574166
0.005686030354671389 0.25889770364412434 9.062278674360856 10.537773101386504
0.004862205371094043 0.27823481496636326 7.490061073275113 7.958369445225215
0.006169105402214367 0.22300329392376517 12.899320171784016 14.82793361381871
0.00674548319475234 0.23022023475408482 10.401785781208735 3.6148808176451155
0.007647181323192485 0.21491006245504218 17.570651038026014 14.595975051232863
0.006825152577175707 0.2459957195062722 9.20108034172469 3.6435646243660953
0.008353643571643676 0.20932141646631908 17.98896539007623 10.976625961813504
0.007566150048743125 0.21199171234187952 14.405388381925695 4.922407180466611
0.005483598255006137 0.24145104289711272 10.335604879492388 8.875885019758822
0.005882811124195508 0.23637570747189518 10.154385745981935 5.49693344401923
0.006707069535311832 0.24854146980147784 10.663642697395499 11.987100661247714
0.006801537628300533 0.22865356544877424 11.264864857087419 7.924039433922936
0.004513925433364965 0.25629592938018797 8.582459889841823 5.4441251775313635
0.007683704427447993 0.21401683730677779 13.339833298440471 9.182108912077236
0.0031230694281100192 0.3670534890755126 4.880717207428486 9.750259032380676
0.007714261417774033 0.23188687984480083 11.859553390105802 10.817665276683822
0.004534370725399872 0.24106371090201784 11.511458401049953 12.178704115257535
0.006704873582366419 0.2177099486633206 14.098047387560067 10.084534449126377
0.004437010954168038 0.2511345796580384 8.182683965511982 5.175824413764147
0.004681789501164714 0.2739698279750893 7.33245018345829 5.253288702233108
0.005939738496178435 0.2491704920385368 9.27919163673674 7.250820626161169
0.0041011189770762185 0.2498056988557923 9.855540751637406 7.541248395082249
0.0039624069463199225 0.24503346913250623 9.453408168906346 6.897783933187853
0.0026182976883217177 0.34791721126616615 4.914724918193638 5.417507657709755
0.006351206465217709 0.22315437631978963 15.125104788772926 14.912580486518431
0.006142461960066276 0.22532967760937062 11.243132140457899 5.336183538925075
0.0054335726855137875 0.2540045557987035 9.58783674658944 14.312301032794931
0.007936200449265544 0.23020344706706497 11.484291276264129 8.47705598959483
0.009816737914834329 0.20691290355387948 15.504280440712549 7.113653499748197
0.00861923756856484 0.22625211691842917 13.014838290416455 14.012636219037455
0.005846362567644882 0.22073354638666332 12.116977730799753 8.5184276976464
0.0055459595789842265 0.2604194893994707 8.407365735837558 7.564355726120174
0.0028776131059686594 0.3577841318793199 5.357731091400675 12.442865226178153
0.008394815339186025 0.21015948154910324 17.19660429350465 1.022940345584546
0.007609004068441621 0.23206568400581185 11.655838876467747 5.706063534961263
0.005089331409692146 0.21248702767702854 16.42082167781631 9.85770044669309
0.00803095926879731 0.2281005871237043 13.258048847904819 14.569983366905166
0.005716437006755112 0.23607563627740924 11.882098270342714 13.810920205341628
0.005347459726989055 0.22894639806598305 10.495093619844198 7.988042214181923
0.008091087694341376 0.2154363721060346 15.548109150418393 7.010045038286582
0.006252448183152957 0.2128502772476446 14.180714305447257 4.610519693241841
0.006536813948675491 0.22705714488438633 12.808058112582515 10.022303489860441
0.0063856313312772505 0.21223591493199812 16.289547344122838 8.598765738960207
0.008079824487402196 0.22928470825690928 11.41068447938436 8.045175347895524
0.007662594999311144 0.21231801159786667 19.998779660094247 9.334282680379221
0.0045877112601837656 0.2700944724746982 7.888050060377197 7.906062722334978
0.004451423615070761 0.23938371725458207 10.15730337464179 9.052860189648468
0.0071128374070410635 0.2195561192801042 13.625955118481247 10.670062108885533
0.005308968932374246 0.23526529852977662 11.456491464892073 13.751133325826336
0.006484046662115445 0.24144686612081367 9.902551024834725 10.40670387399857
0.00592023374256556 0.26168081782213526 8.86124956641814 13.043581643744837
0.006002903241729952 0.20580552929369422 16.68610254479345 6.634506611378893
0.006073017265463786 0.22370786902452688 12.500335911544486 6.799184414538358
0.005440680336646092 0.22528581208597043 11.87994749935964 6.854602129946902
0.0016741321989491979 0.49883340283527966 3.049313076269941 4.387940846643474
0.004978305647787859 0.22994325045453512 10.712057971773058 3.095559980547492
0.007104889844993236 0.22116256743072438 12.438077521946788 7.3963067066096855
0.006254464912904301 0.23411620065700922 10.275822746533057 10.754961808093691
0.004035325156136766 0.2654776538446393 8.183655911224054 8.851064803906116
0.004982076439338288 0.23227205488688785 11.390382159672876 8.755678731090413
0.006197607874394254 0.23072676079603194 12.860005332253326 10.255511960231544
0.004662172279756829 0.2587345972957189 7.854489444750236 4.975869193462875
0.008857598065124605 0.22206997366214787 13.056809987225218 12.440883036333544
0.005600898464988957 0.22970855222016795 10.447526770486515 1.5848137297607785
0.006333783007672597 0.2263884875086809 12.325432126344912 8.292361868061356
0.00427319873654516 0.22562260740696527 11.722935821195144 7.9689810166057145
0.0029597822664772368 0.35103346951702485 5.36847785087349 10.184953335656381
0.005708903010805267 0.22624919472322946 11.930399839465455 11.044261382059203
0.008029955635686918 0.2135656188450037 13.88855192214472 9.347379022573712
0.006914616312116555 0.22603098598690974 10.618683589333669 2.2125671409948975
0.006598130485221895 0.2292819411975906 12.226936548312056 9.875240983557426
0.0052172491596923975 0.24329873593527696 10.433670530600372 10.574455749342928
0.00805776149401328 0.20422908113768534 14.268401586499385 1.0
0.0043593707923986645 0.25180900515092 8.328387611663663 1.0
0.005839515888027691 0.23238546827810924 10.832999880600816 4.626905454545505
0.004351619947284971 0.2577684174247098 8.430211690087688 9.613954060491105
0.005775681613304018 0.21579599676536232 14.131120977309484 2.916076781231345
0.006134801373390055 0.23460658660954592 10.591630632764904 7.041064060305506
0.006596835324521215 0.21181898185703651 14.862791772471418 8.395455668668642
0.0067272418981984316 0.23441993432609032 10.125774436523148 4.481386875235229
0.007769578222690461 0.24525862678317245 9.622176146874049 7.517284593423109
0.007760166490155311 0.21017537101079597 16.314799019908826 13.950095698881743
0.009066593924613793 0.20829629143313777 14.165934611270382 5.331823280544018
0.008520916751970043 0.2110262580562946 13.651166125757253 12.778598622050286
0.005416774540835556 0.23818462052449685 10.616544943675667 10.465391538305505
0.0064202228932548865 0.22864698068396438 10.029401655588803 2.681741187197632
0.007299245877495592 0.20880483532870742 18.817549744249693 9.68324721377141
0.005452088600071946 0.2577309874762309 7.837042248791095 3.612695416664499
0.008294050107815186 0.2233192592155261 13.010134135371903 11.228108344236901
0.005166922017594714 0.24420161512468264 9.573328705074584 3.4198789354872465
0.005324583972977916 0.2440212935321041 9.874075520303506 8.521702085479927
0.007950709427457662 0.22015381040521753 14.314930412591105 1.8301665725017209
0.005053701651669663 0.25981578940086725 8.961836757021661 8.53634385537535
0.006798183401809404 0.22612372609452347 12.16119166168748 11.22124119271437
0.0063802656525891585 0.22043814401421669 12.412419170661643 6.555611594526194
0.004646453782871928 0.24548653521611852 10.65329528994346 9.693289549838916
0.006406919616740491 0.21753041100554038 16.19033355669604 7.949735116017116
0.0035287913235371995 0.2751668624378468 7.9078094871214875 9.189596031520336
0.009380029073070574 0.21358371562549272 13.96659357019388 5.0350927537989945
0.005777946784405015 0.24054263848502155 9.347939618096442 4.98265274799458
0.005713786399238155 0.24212123953409437 9.760883682383621 9.203663792655577
0.01 0.20852471574125908 18.14120326660862 9.123683630127344
0.0036986059098201053 0.2972072524693673 5.853039596638009 2.8595976469828797
0.003633646882316947 0.25979734828879864 7.834658468666641 6.472258471690445
0.0071673244556483585 0.21168535485702822 19.20813616720718 6.532083180729229
0.003906967022525943 0.2968786579069994 6.23224702413857 4.560314695378243
0.004851905474008322 0.25906159129202533 8.151814045985585 4.794360856597921
0.007500736766953081 0.2213742858313934 12.653598425529747 5.138173684345965
0.006641739558091096 0.21721640704027878 13.069039708258373 7.79498191310129
0.006059063385601748 0.24700460180898387 9.159022180975386 5.706567876196408
0.005158373003049471 0.22824112062924862 11.38322323161581 5.593645722245887
0.008937284658714458 0.20344477772762537 19.657483263494157 4.995445438396661
0.004552455642152646 0.29076649600634197 7.47902943921749 10.635771349275451
0.0043762599586703674 0.2667659422675508 8.621428776815875 10.819496897119144
0.0063332518329907855 0.22690048148354858 12.124822795305027 12.991927996643287
0.008683978885923536 0.21537661950848108 14.348915601259716 10.666535616152741
0.0077911449578508644 0.22708747611538693 11.276283934832515 11.209430744889495
0.007314672982083762 0.21315565194382546 17.863365020383924 9.049293892586105
0.006146161260830143 0.21970896225388048 17.054024756172975 15.0
0.005864584642626023 0.2506215779604716 9.028506824777526 11.578954711451367
0.006110205407748241 0.237837282406419 9.450235897389533 7.463633934353019
0.008861127832759679 0.2260384686556386 13.796680804770807 13.45694614972798
0.005731928696612176 0.22094619097943224 13.243743485895195 5.586014338153715
0.0053221922694906415 0.24343657344968628 10.846188183002432 8.264774209073773
0.006348038147242241 0.23765871681213846 10.414503012555675 9.063469754130079
0.006684391839583309 0.21678406149709661 14.365757024254377 2.755120642037089
0.004838665256684658 0.2561918208002407 9.134822144762246 11.007427268690487
0.004023674459330869 0.2870951899308779 7.374819412766938 9.566610417391864
0.007425893559059441 0.22332748371356492 12.842403303737084 9.693580957542665
0.004825736256638841 0.23447422777300253 10.875971451388224 11.310593738446176
0.009632808954295892 0.2121659527461408 13.954004563350356 9.389679209137254
0.006674989813122284 0.22056922925947375 17.4190633927951 9.799770190204097
0.006317846449266411 0.21059316007596596 15.859964597221529 8.17312732487346
0.005676140677336399 0.2216460130183966 13.86315323851581 9.122483280442315
0.006186800362800856 0.22511954511812138 13.030948519429842 10.390580103401781
0.0074400368578248915 0.2101053162262616 20.0 12.522677090072245
0.007508350096244443 0.20868619155155022 20.0 14.47624839935225
0.005767096207913621 0.23227337183704633 11.05179780014608 6.367908962893204
0.005697085439790389 0.24564952888267622 9.536788747452512 6.893765015578085
0.0057330938220421694 0.21580765290347237 16.328264492292348 11.76526419223295
0.006828934254969178 0.2400229769832264 9.672643501038982 5.185321903006061
0.0027987260503369877 0.32025515357412726 5.861457960265136 7.718467632451236
0.0067700013709606705 0.23514713362024375 10.293885915808305 8.82235961096362
0.005105394789282304 0.22609427698619822 13.679649894727733 9.951472008931589
0.007367590911629699 0.2034559813141973 18.425569108873926 11.554577924581908
0.007361560761181288 0.2102985616145584 14.185294191133654 7.6872970220397825
0.008372478591860816 0.22525520884355976 12.531749717337618 15.0
0.007926164279021387 0.23032758181102064 11.43726147466859 9.291664099416762
0.00776185341124201 0.2081538872643186 18.517915973154803 7.900761650583617
0.004182838583217005 0.3178738306037202 5.733469076589462 6.405073621282442
0.00613557171205314 0.23366240911549896 11.724993025173221 12.701327699475858
0.0028985812700313566 0.3202669009948146 5.545814199586803 5.591794692339208
0.0038732067916780145 0.2380230694091533 10.250293086588005 8.653203867079194
0.0034397719952668554 0.30213108330650185 6.5173588776288565 9.234101043180765
0.007236878261150574 0.20359597158307463 18.159709984061017 6.762297391908118
0.004331600617684625 0.26215049666516155 8.00147133486168 6.880448327956248
0.008168602548182986 0.20036349007119592 19.640145927890234 12.919578803513511
0.005187034448892533 0.2586094718264469 8.809150786971008 5.987580926476805
0.0036232533070005212 0.31542061370091323 6.401526799152097 9.554132032131125
0.008566786425780975 0.21033572319663918 13.57140636248242 8.717275253215826
0.0037969799221557916 0.24421394027419008 9.259560255438547 2.478355335586868
0.005626529997435002 0.21074006798790879 16.69116627258689 10.462478694341666
0.007703377607055403 0.21158382174255985 14.672842247067702 4.472052870462506
0.0042932401384171755 0.2700850219479036 8.492971682359507 9.21781547901868
0.003154337289395031 0.3040814060245044 5.886729638625814 3.001345814341855
0.005730365161417314 0.23301058770237437 12.238560335916823 10.385889520783362
0.005294587427639911 0.2296253698902242 10.728470350830671 3.795731147813111
0.006135552567970249 0.24200257304590844 10.02041470008207 10.277490465058737
0.004775389167469289 0.24332747023554369 10.89292619336452 13.953311960217064
0.0073201966405266345 0.22055423399151408 12.551932052844284 14.769076203390565
0.0056816373518263925 0.21546357563047136 14.591767369772649 12.627729576543233
0.0040947261211025906 0.25908534475771516 8.505485750396359 7.777350233852506
0.005239925837034746 0.25073848560277745 9.553620106047884 7.712819275703358
0.005482742560323517 0.2557275488603079 8.400445641728261 5.437504638624429
0.0048724504875280305 0.25792516529146237 8.283169521258014 4.350460810173109
0.004936708585665182 0.2788596100149281 7.344138116533596 7.604128539678124
0.006631522650836094 0.22345416873655466 12.539395036956124 6.997386134139713
0.0016408350506076064 0.5027925419980095 2.944094720653915 3.893879645461179
0.008952529153363427 0.2299658611513119 11.373453375222299 8.221711366972738
0.00894537637334158 0.2011672142939932 16.910257735174447 3.8208515614743446
0.004777715049359023 0.21767491954251394 13.298879939117551 6.324572912935293
0.007385540550103424 0.23730216302562146 10.471152307086292 4.74424965971053
0.004314309790805233 0.22669006776137157 10.638533694277523 3.6076030136209196
0.005960973951760871 0.2230653798177874 13.94473446246862 10.626309382995677
0.004647595718943872 0.26006146479116166 7.669495223318149 5.214008163014168
0.0040094393351761334 0.2422939866422521 9.883920897519696 6.50262587868766
0.005073333248187002 0.2510750219973876 9.355166478895356 6.751341719160821
0.005475467471260972 0.2626546184022136 8.943467376956603 12.732918489307508
0.002207000001297976 0.3020309110533217 6.556674125141637 7.641157427630591
0.005813502549448081 0.2282581295377608 13.606001515172203 12.274400885569392
0.006592486770280273 0.22171094367040622 15.322807973366166 13.667171364860014
0.007030455058877295 0.21817867829769855 11.555074020195004 3.198122299917019
0.007352594841797386 0.21024822471410565 17.162343074269458 1.3625950136709113
0.00553661801064432 0.2562631159926515 8.780178318828344 11.207285318461816
0.006252444478823935 0.25207682882056004 9.889462183879541 14.148954952005509
0.0071512967295948755 0.21988303591077119 12.94724663108996 8.481022999823567
0.007449499085234819 0.21185155630925634 16.87179799622681 6.507479747971445
0.005164337618303672 0.2557765991917126 8.768034383189498 8.05623234348125
0.00426047198956437 0.2534145317499312 9.140543135537513 15.0
0.0046389604508333526 0.23510160904695443 10.57900498928993 11.32094826514915
0.009747321119283954 0.2204164700617398 14.201911766286308 11.570551384198783
0.009397977384368511 0.2095294413538894 16.32172103556382 11.131290103566789
0.005099311080652519 0.28110728918909267 7.115634409895804 7.535350677983687
0.0049933261800594484 0.26882264528666044 8.305313178227726 11.421848570499312
0.0067895229250098405 0.22399299690921193 11.976142881427357 9.752625585790005
0.006364598537134109 0.23620860997469562 11.424877345659786 10.620676540621357
0.0060165438594090475 0.2511616052590411 9.506951032774754 9.491796282428812
0.008163328123917592 0.2194748289273839 15.326404863164573 4.963894287688637
0.004604448273275261 0.26259909242949186 8.362229582321683 9.865545538358571
0.004813005559883826 0.2368919741305765 10.10128692212763 4.633188031140814
0.005412598667893815 0.24428445051958303 9.376266763389435 7.213113256872731
0.009283296350828536 0.20642319964651346 18.222082611778188 5.79988299967261
0.0077085101790930356 0.228554328984936 12.454255013905506 11.488884431573751
0.005920370229019251 0.23329738003648448 9.943382801188148 5.98114331066473
0.007654819477139387 0.23233484218051859 9.930326333864254 1.0
0.007325875972384262 0.21778385165088887 13.356353916701652 10.66173194729318
0.002014359010100563 0.37807425841678166 4.212619457370175 4.623981278795263
0.006791935591853272 0.2239646560966887 12.500815843253406 6.089089463438997
0.00470928533650273 0.27037834301540653 7.9500507625728805 8.956149026056071
0.006763233017679539 0.21046776309872017 18.24019759848715 7.379993795403829
0.0047950869789236735 0.21884685551882987 14.936185129291472 8.35690725589674
0.005149092970084904 0.28344352376505577 7.335503005330478 7.710265139602584
0.005829885261489855 0.22457493158407782 12.846808986922813 11.540992277006264
0.006908608177298809 0.22226164930302372 13.815847015582587 11.950890175150017
0.005927761085412693 0.21934021089248357 15.500498993073691 12.948878842898267
0.007872030287820391 0.21289761779700134 16.676193778534156 9.879614399125396
0.006820784583710861 0.21083004712459574 14.979707488821845 12.598513719677499
0.006782632859417797 0.21582707178648763 18.190862004149146 4.690917924280293
0.006695375347031496 0.2351808727386605 11.48786441220802 12.092701046281583
0.00535324405532447 0.23089406886612251 11.283580028305645 6.998495482123989
0.003915111068942646 0.2914102497954162 6.638356616508306 5.6587959516139925
0.008047655841958382 0.20594962359394475 19.334616788258003 9.718012233659811
0.005338112402175871 0.2508661343334616 9.04751374194363 10.163093657961317
0.004953732348245929 0.24855745516180838 8.920018516432645 8.124002268839856
0.0055244744293058475 0.24572038195446333 9.468774195023085 9.663457786241569
0.0063611441010619834 0.22067816684131347 14.719792260240515 9.964741966630944
0.007448833411463379 0.21306527050033675 15.524443262742796 6.756673781893731
0.00633759300036585 0.20939899117140393 17.406183671769586 9.911071690159387
0.003139532372207654 0.334116950777018 5.487399365309288 7.8730305330395725
0.007128541514793415 0.23225403623605068 11.140572827310034 8.05599701602364
0.006401982428821914 0.2293114558787015 12.862352419141871 11.407351589571235
0.003206472563385149 0.33892533034431926 5.099567037407333 5.228033902292457
0.007172327256029123 0.2218898290799476 13.252844972033596 8.090397336208689
0.005619193436328086 0.2416768300233174 9.656923869348729 3.7395502831144807
0.006333162911859276 0.25152035395171046 9.143698623155322 5.928520401610525
0.0053388077930112 0.26062393057562705 7.734769501572945 1.528544435424962
0.006385128767785899 0.2202721532780142 13.155366800993173 8.752294519968912
0.006973552667749251 0.20930675236795082 17.780772302031004 1.6121781136731448
0.00549451549624275 0.23213602308107872 11.60154487503915 14.458287037901647
0.006236409481641064 0.21039017179124997 17.0628434687244 13.239407763410334
0.007384323972081256 0.2217095864739519 12.614633350204294 8.802118234017927
0.006027823498979276 0.23023364508806476 11.432187255220937 12.53334725680146
0.004971681362759546 0.26842376483111685 8.649010808719025 14.81290410058143
0.0022865768924038707 0.34004752643345826 4.473176143894042 1.0
0.006806344137292639 0.20518718113185974 17.85719120220339 7.373849133758275
0.006076823729998863 0.23481733676304406 10.98354992922441 7.358548061119309
0.0035201569424349647 0.2682788822797816 7.743151774832452 6.5337362841966184
0.005257981178642583 0.24660781349479843 9.647589186073432 11.68291352980211
0.007451991092876761 0.20477829432539452 19.8924284191113 6.644051614349557
0.007027897479504953 0.21681129431607682 13.834749969508003 9.266472386779178
0.004521867107600943 0.2242828142370059 13.033504041788165 8.878162879460382
0.0029234767966596913 0.32814492568609543 5.415777195982205 5.908870437788654
0.007772115359492887 0.2115540095451024 15.223620650430725 10.273821717807179
0.00509689477820478 0.23813589522381362 10.009081084967512 5.178483836056717
0.005522803445640724 0.23233539270277104 12.680257357792298 3.8173913476307506
0.006688041667832381 0.22793457499947345 12.760504981453511 14.067419928141163
0.006717793950449537 0.21861869729912387 15.344331691865193 12.423706730961628
0.008069453932988711 0.2174444929270518 13.644234416883547 7.636784327766866
0.006467986443634437 0.2139679436969827 17.405900463640844 11.626142582029303
0.00976722474557031 0.21740213510256745 13.988988185460634 10.014106707508216
0.0055428264510092974 0.23597086865837913 11.106568837706845 12.375831999261841
0.004413499334593959 0.22566932120504757 11.586091607486425 8.551520761922847
0.008392506330944079 0.2247633948678167 12.254498482725104 5.212537863345117
0.0076546799392063995 0.21807749981310864 13.575599541686428 6.344593990437925
0.0038198041354840524 0.27952703724181216 6.969356568929449 6.356610733840549
0.005679943913044533 0.23320780874826885 11.44880639496815 10.669921475847065
0.006319228719834091 0.23900467543341986 9.967956538300221 3.2702990532848437
0.006232533152758532 0.2380074174865271 12.690057385747796 10.720724429315846
0.007349698379291657 0.2052428964473546 16.774133893372976 9.389527634813472
0.005682098311240944 0.24764011669559638 8.565636849257539 5.194958168529911
0.006966483483953412 0.23404014407874396 11.613105483064835 11.134151768567312
0.005101480376962217 0.25201424959500207 8.96998577948977 7.020769982704551
0.005726239024175355 0.24652997167442114 8.232657861407905 3.849412074320207
0.004432666685243044 0.24719434951094565 10.003199403534907 11.251588549480743
0.007101406244095283 0.21029074234759348 17.40000771527535 12.871621919229286
0.0060131398859373 0.24458549752955328 10.068630018380858 11.632994563477494
0.008130470981369034 0.22093749276750596 12.99820128093722 2.70661229319174
0.007330932705016864 0.2298216478058107 10.480060587066777 3.008317532064355
0.005115489379366491 0.2227313922630969 13.877267475457954 10.152374155117952
0.0024799364127905256 0.4061938929342439 3.862475522006954 4.280105631833775
0.005270778833631009 0.25231357556033207 8.15573203428293 4.820905605024624
0.004340673006132722 0.2777807242292143 6.908675930352432 5.632041746180514
0.0030809170693866976 0.31166541138886594 6.134044841500247 7.087397409902726
0.006764293099581272 0.22191324240798593 13.1393336616376 4.874856338000309
0.008222859789481516 0.20465618767815097 15.482562892511227 5.631546551443863
0.006584042120794194 0.22064377153995995 14.667491632724388 14.072957025437011
0.0038183495823917537 0.2674002909443475 8.067036237477597 8.676105724917285
0.007072278178309235 0.2180138783012886 13.313561951710785 5.6822959572770415
0.006737233937100929 0.21422419665532377 16.209966585824425 12.980347393577226
0.006093663806251942 0.21498722167295037 12.720523821709719 6.934949036784628
0.0049025081669961355 0.23030469264495146 11.215431056778765 12.8282231888052
0.0017077615683883866 0.4799984246840421 3.1368642363751826 4.547426129705255
0.002433740724195519 0.3247878857910167 5.9202423744115436 9.190103508889589
0.00455143589983392 0.23350104195249333 10.462237580695003 7.146889358719878
0.006147955317746927 0.25276261362395946 8.774982654946793 6.920582708344608
0.0041730820681039555 0.2462536552326795 8.956515778622588 7.290495718273038
0.00827593353087377 0.21360434723058197 14.687992351499103 13.826220857235878
0.005257425135064104 0.23714368243260786 9.225549042470698 2.6466223286798627
0.009847364932422203 0.21131624758634238 18.090667231003774 7.287301836277365
0.007959218380647816 0.2140640217028693 15.926864464140591 14.864873964191293
0.0058662488071034025 0.2243972062356162 12.823592857929226 5.474658721462355
0.006933039297660622 0.22037129354291862 13.612567958172603 14.654180542224312
0.006927986943810988 0.2279127290988513 11.088470772658653 6.05424627789913
0.00790654035408614 0.21282328505777282 15.331974148656805 7.3309588616762795
0.0075634654392420335 0.21343774043888797 13.521665605472819 1.8850266056036071
0.005133582932695121 0.23591053931690997 9.462637877489605 2.605414060401168
0.004949556052191409 0.23721658014060965 10.446645112429676 5.317891868514549
0.006850351589376424 0.2301239795846033 12.285195936980672 7.321931781008986
0.005841645606484027 0.2577925417686221 8.540737753784311 8.466471393539942
0.006654841959801441 0.23109072695823563 11.983528723237876 10.73202790326803
0.006300749365502206 0.24419033457151484 10.219110160231196 15.0
0.008350423067593982 0.22282341773122205 11.120029964212044 4.752151352413639
0.006222814483129113 0.22074315635712305 10.58947664691732 4.557806449053738
0.0060740078660108 0.24618609132347813 9.685393931870873 9.134162539291847
0.000997068321845736 0.4707801105633397 2.910848096270957 1.3245090056522075
0.004790447243247857 0.23664258945580963 11.033696224270543 11.781072526028902
0.006537043375094191 0.2214427292856911 12.693955721323391 9.638985598044512
0.00678047950155091 0.2179791044802717 14.91369584876394 8.516071111193131
0.006806542620749092 0.22437888924682137 11.004300670177473 2.8873368285291843
0.006268070487134716 0.23474668770115326 12.45816824592959 8.971245565970028
0.007312745015168997 0.21468182271101177 15.091826132241877 14.442084885050896
0.00393232241796179 0.2656631080506596 7.911856835613481 7.3940366083724225
0.005305587866285594 0.2692545753835702 8.662932710106574 10.587578750493789
0.005437729804023591 0.2572730810218 8.781517023249158 7.938455335556954
0.00875061666140586 0.21150221560337745 13.896989426939635 8.20904347143578
0.005611142372324528 0.23461297091059863 11.19205119422833 12.272815320430452
0.007498755679372256 0.22300988140088274 13.862237040367463 14.86519273401823
0.004875718165726908 0.2609000493625171 8.885770501710356 7.720751307712193
0.007514816692269426 0.20758033520200958 14.52784073449993 8.729504744622353
0.00627461902283219 0.22817198914413772 11.43139864549985 8.197055688090712
0.005641217699175792 0.23150775205427043 11.921752230114617 9.833049923392075
0.0069415251189734375 0.22596788975142312 12.236380215765768 15.0
0.0088078800568375 0.21950367133588622 14.7092640908196 10.635668025695466
0.005646353830020766 0.25237632736239457 8.937488591781236 10.508915043010402
0.004955623024727195 0.23652860297449863 10.974911879329072 11.54674725946744
0.0050396472987506965 0.26432128411609335 8.49337094528406 8.846816755023449
0.009234614063101988 0.21905752534358613 13.987655033200951 11.37212726700994
0.005870108261663771 0.2310494945693431 9.549696163608347 1.0
0.009072989414565948 0.21179625966632143 16.652668903006195 1.0
0.003670055941372551 0.27800414660158 7.560966396598432 7.839769336749324
0.002702326353240655 0.3335584868114846 5.4268959985699325 7.113737635988177
0.006645200537119844 0.24188635182438478 9.795600301663582 6.783513126732914
0.005982756714706972 0.22216595182580745 12.423409240020074 11.010883263653627
0.0028367756556166505 0.3233876930974915 5.890722306331246 5.139468921629443
0.004736175642787568 0.2229454298018131 12.143588788425221 4.945201240771521
0.005006260699370049 0.23895037686264875 10.925993800969591 13.621428606466091
0.007747243072839849 0.24337939517604634 9.825967505014749 7.4022397900475045
0.003351457420459957 0.2841789620674422 6.948918460010875 8.060238912749941
0.003977651867305374 0.31401594493124707 6.059961125991299 8.60565872167049
0.008016421205659936 0.2276111232981316 11.764028204106587 8.84045323821578
0.006884164142458134 0.22256158795861603 13.669479106022767 7.9306331649842186
0.004458559812049978 0.22087408575812395 15.552223451228224 9.832836885210854
0.007494053571815922 0.21463071434324088 12.410709106247717 1.0
0.0060178365348857845 0.2181951310810848 15.707412087344641 7.805699480285596
0.005947055360749655 0.24823990208014712 9.233509970990083 8.315452067818025
0.005889502081782627 0.2261518185166954 11.334262059585644 4.434085913727645
0.00589483971000806 0.2131607863647108 14.344137203618367 10.164128449867716
0.006060330686454141 0.22836980091848358 12.598545400819587 9.25442582525222
0.002364185929420825 0.3932258019396203 4.13752919720431 5.000016959880584
0.007387090481204675 0.22633246798631468 11.273885112126736 9.739377544628672
0.0038802597657714207 0.29763433557170027 6.181133825804448 6.897777816846634
0.0063789329903208335 0.23647592278733098 9.584593740953661 5.212181933416871
0.005375501250948518 0.2163328227293766 14.155427460064022 8.51575330159875
0.007546091086558684 0.21075719967493134 17.064080714301994 9.777869484399357
0.008398420395530725 0.21078458018370838 15.64799586925725 7.67022400499261
0.0025240624564097543 0.355232267634667 4.891563293289151 6.073906671658099
0.0053171899068466585 0.22922355548308615 11.870244489497686 9.930857004650534
0.005469384408831055 0.23076754277349432 12.524777948137393 10.306777521865811
0.006937759204021301 0.2290134934719541 11.439507852731241 8.969799992923544
0.004738834009766463 0.24667840655248308 9.264533628109792 9.036866845267893
0.007215905376943166 0.20056182822324797 19.173534887141187 6.143719942029266
0.008297495351763494 0.1977822190826508 19.379561615061366 8.29584195859986
0.0065895406841973 0.21994042999278707 13.093719361330105 14.995541181500911
0.002816960181775552 0.35052733181477536 5.074171183437413 8.96526733438144
0.007717908710749903 0.21741565404642627 13.844359213162527 14.977114283053723
0.0057320661710556185 0.23993030437842522 11.10014471299508 13.227830517995589
0.0057384441019090425 0.23675651993538915 9.526551270645168 4.79108833938047
0.008262022789352707 0.21910446859524702 14.272896689802359 7.567519251840022
0.0011646194299939324 0.6163901673636119 2.2481758199584423 2.5100341113137112
0.005811268225709026 0.2349126116778396 10.504185188072908 9.126800222276003
0.0010687053475091973 0.5297943790016326 2.522348027610036 1.264969268775535
0.006039390984893978 0.2674130993334347 8.624957358846475 12.983538775159985
0.007645735306048156 0.21575894326473521 14.248409950881612 10.314812173577456
0.005094669036497424 0.22885441424889386 12.70784702965802 13.760294229791565
0.0038509373584774994 0.32036051404894195 5.933589033832757 7.83942427701969
0.0037293017191656164 0.3102645106542964 5.573999254903757 3.140830472393648
0.006711823875652327 0.22227637791905686 13.80122971630774 5.373000238415528
0.0060179011491672835 0.23321144846439978 12.622326897886097 6.142402482442121
0.005519407041750223 0.23528306547954692 9.775390787139452 2.220054924411736
0.006673509978999781 0.23176276080474356 10.962938346913473 6.714037611195413
0.0057089207285089235 0.2557085829320189 8.625745586190192 9.86647422549467
0.007020695601961633 0.2175162471964901 16.925861097800688 12.312600189868867
0.0027972276093707455 0.3624568874844899 4.881503788410594 7.486964702826255
0.005288051968086805 0.21428745899759405 13.968402396717378 11.27978102858512
0.00996226181190488 0.198674348349827 17.61210093487412 9.77426951272267
0.003365580709039217 0.28764414956058093 6.906765642797626 8.187841211977911
0.004365258545139508 0.2605980429765735 8.679636715006026 9.02229615200137
0.006978359293899642 0.21485960323646325 13.191461881399729 1.0
0.0034658093823370863 0.3058014328231865 6.377458040844779 7.945568835896162
0.006936176688826038 0.21200100440696756 15.276104418211826 2.1435417219837465
0.004928748397451788 0.24261912354920923 9.979290949670617 8.117459315742584
0.00319339495384399 0.3232916567280786 5.176995538699327 3.290632774057724
0.0058582457989382105 0.21843213782621507 14.446327559683784 9.326870861685018
0.008394323070204126 0.22086451226386505 14.6834500464124 11.263380035432498
0.006014698166202208 0.26639413166339054 7.92477677275992 8.054346813205342
0.004870979131906232 0.2578980253713845 8.254730311591175 5.728681036613172
0.006571742581344759 0.2217472431463403 13.109693472971204 3.9208756371635785
0.0055392672608450665 0.23190072731705647 11.582906529551716 8.639417518845091
0.0012391194518704754 0.6251177302916984 2.230015346850317 2.762338214971172
0.006086863156304103 0.21604823397045247 13.830817630218993 5.644815032738991
0.005878208712728734 0.24825949039391526 8.770721785246334 7.427229618350536
0.006823785362460541 0.21407844150151567 16.37033389823987 9.512434358906635
0.006444376697762275 0.21801502356160163 15.234486013255822 9.683450941583608
0.006814963754597102 0.21952057947223613 18.573006237257786 11.901846404341319
0.0075371173420429845 0.22911464379552227 10.702596443689254 6.202419394597282
0.0064132531656359015 0.22391834511068998 12.208961815219961 3.7643306827968424
0.005378517680484678 0.2372814895677644 10.473818579750564 10.419438435810347
0.004898910987434977 0.23634795658138363 11.123008508305103 12.501830682330603
0.00396688787723954 0.28276556775989037 7.967094620477804 12.285195851865154
0.0059068325156268605 0.23085093156649716 12.544703725773141 12.50695415712416
0.0035125183790333447 0.26244588496068755 8.516793784254567 5.9969562064414745
0.005175060145066194 0.24695005565236383 8.852290938235221 2.9658985643912787
