0.003974111481010147 0.26112128125028977 8.794963989292409 7.935741515133808
0.004965783816278425 0.24000202350615096 8.855931242404067 4.454317340362774
0.004467614389256033 0.2584541558663872 8.760161148590395 11.675922518736284
0.006540465264861429 0.24992573979192634 8.818915501867341 7.002008588213214
0.004191865299246803 0.2493520027312799 9.033525816995994 5.993906427967548
0.003061052184895499 0.2599150211401764 8.76932158504708 8.736887269063455
0.004755551608242103 0.2683396639869833 8.918468328479083 13.466239785278791
0.005761382075109253 0.24994479702509054 8.612019052941903 5.0243342380252605
0.004784854682853218 0.2590476227924772 8.743097487404999 8.547627636888262
0.004773455520596249 0.25431241389814396 8.824328034145191 8.812038375459206
0.005460898777553191 0.25035876797505874 8.899977532649313 5.286959282382906
0.005219514085931286 0.250928756974241 8.839938117692041 8.652746143272848
0.004056267796516964 0.2559549235259062 8.86024985120729 7.96972087658062
0.004382639097252846 0.2593021850531144 8.808275703897 10.725285696387889
0.004554209615329723 0.2549372422129388 8.726535224190243 7.7896197845331345
0.004421329263200271 0.26086074864980124 8.71451059356232 8.793685261219993
0.0035270900821761904 0.2694355465658894 8.916795903976952 13.200831673111178
0.00450603466232405 0.26241354812786033 8.47982564299673 8.315532970703748
0.0036339099811830374 0.2618032147783127 8.81336640476238 9.911985375499789
0.005650129973505292 0.25701212829676723 8.822502089281597 9.504615215696827
0.005074066562872133 0.25788855000169275 8.93190643070469 10.146408131345016
0.004310953278288788 0.25662060435248846 8.831825113973128 9.799327869018942
0.005215845962113878 0.26086643628131645 8.759541483135068 7.805718230384317
0.003888771797734695 0.2516240138860576 8.760799209018183 7.463073425529296
0.0036987064052384465 0.25763004630414754 8.876078572207163 9.520693220119
0.004096531092329065 0.25729154166589296 8.822666799948799 7.872360128490976
0.004625822378852178 0.25683305323129213 8.792766370701779 9.791358564506073
0.004161713336992181 0.25276677563218 8.769717177026852 8.816185702574462
0.004261472918853683 0.254727552275847 8.855216730251454 9.176231006526507
0.005012385235608844 0.25757580680690007 8.841962937567793 8.031969300007395
0.004885493279506622 0.2607741008291202 8.843775121117764 9.090657216347063
0.006578742963844755 0.25949007487307807 8.93874088780541 9.731734090506194
0.004317436519569566 0.2479799650358352 8.709303407296407 7.142411310979794
0.0029446642885134753 0.25374264821234715 8.742668615547661 7.781049895635901
0.004921279304336419 0.2588329894633309 8.85005375214251 8.097478266941451
0.004378908046974385 0.2581060019694956 8.734756263121369 7.261600124843866
0.005218181765199818 0.2508884628182634 8.55111582842195 5.346550968772844
0.003962061677695292 0.25861989810080477 8.785975319546308 7.053967480912497
0.004549247863662676 0.2485127566389287 9.029679795158676 8.475215677736646
0.004214603897214229 0.26055724927021007 8.753868963812643 8.490390122794404
0.004472109002625261 0.2625548886171216 8.838794415734718 9.081011566983154
0.0038122765192292953 0.2556369542549676 9.002251178314006 7.479483638942197
0.0029974569713993506 0.26277571191425075 8.63324829024053 10.35000496882728
0.004452143934063865 0.2593229945745902 9.352902917893454 11.423259967879352
0.004896962521161028 0.2550573522988526 8.744526709436187 8.648881746070328
0.0026680075062167617 0.2649854445971349 8.922010524351782 11.025756970651939
0.0038834561452164235 0.2667433641120891 8.862016382216565 10.853885447889487
0.005069053384244426 0.25117337962279496 8.679768877859331 4.511596378640371
0.004506573342663276 0.25675194709861615 8.784640035072515 8.951797177709427
0.0042868086638354445 0.25995534643821894 8.96511016548009 11.411927888907258
0.005095954203191896 0.2530126828346312 8.839559745818093 8.335597267381306
0.0056421340429487115 0.2535218745191471 9.017262301627866 8.726141217081176
0.004849644077273331 0.25570326830690815 8.765916956957236 8.910558571971196
0.004170182510421735 0.2591615614773308 8.84995865818492 9.850625133887293
0.005421921856453576 0.2570724738370719 8.813573545795455 8.585264078182524
0.005410060452763754 0.254098528664641 8.785017981636983 9.379810871283105
0.0053438675663312046 0.2545628860062935 8.750471961844033 7.936314803115859
0.004052380552234347 0.2716055779564004 8.875679046628315 11.27907506066917
0.004951945635043061 0.25123671197002073 8.665565267470356 6.460409632038028
0.005283692408894313 0.256715310951398 8.829709120220443 10.130735217377655
0.004536740414641168 0.2555048886359589 8.781508851420812 10.804850665891733
0.003375956628662937 0.26273622462200885 8.793891205135683 8.396280153216788
0.004698398598793121 0.25362589324632456 10.051575848295704 11.28359921259469
0.004984500346645571 0.25604128708416074 8.679861302204463 7.5990257214005075
0.004722674186937226 0.25817859392490816 8.78816934999106 9.702803507599604
0.004632480854285911 0.25359543012199903 8.880795060742795 8.94645549309553
0.0037634193078170206 0.263617122389184 8.817696136855746 11.506112974348728
0.004873562101545151 0.2637284075675741 8.688487777919994 10.855309186652148
0.004723534691217668 0.26221239656006756 8.809403192971553 10.508660842653924
0.005012956328898349 0.2523395779303844 8.731026487249329 7.5389434044481085
0.005587450911670898 0.2573028258095107 8.879241521015311 10.03158255461653
0.004349314926466049 0.2597952490246289 8.869784631540902 12.282157124948666
0.005077603358745218 0.2598261108700882 8.75187071814981 9.543144841430955
0.006842530690196986 0.24622474009598316 8.744244276059202 5.043849549384382
0.005180523459631529 0.26166486775799724 8.753067110067638 10.503877498854386
0.004689852422696669 0.2509662533586303 8.822274489876708 8.402458566464103
0.0050429721438477295 0.25364331545971763 8.64351897443133 6.830314545566289
0.005857652685124659 0.2474194416447386 9.215905018313652 9.886958664704627
0.005717702253842538 0.2555456667102577 8.824767264299282 6.801445798938714
0.004914199876242579 0.2554876347958571 8.80301579801257 6.753116392329426
0.004004388290934736 0.2665528461272503 8.708737962642878 9.415447348118777
0.0031956999770258406 0.25551296577597915 8.788721131132302 9.248332969064618
0.005145943892394247 0.2571114987199117 9.272780004847055 12.535693077537562
0.005226710048351842 0.25299928287552065 8.741196724994884 8.707055067728414
0.00439044028340195 0.259646852575559 8.772318544887268 8.688586256811945
0.0037897143468351756 0.2637853469195943 8.707584816328321 7.818515521009485
0.006087440843876518 0.257074838210286 8.81691651320482 9.082930703993803
0.004839286628447662 0.2562418260171897 8.837124219113381 8.727251968870863
0.003451560664450501 0.26838567603912855 8.888971328755911 10.968055939848622
0.004603591517491754 0.2565356228891579 8.758926954628482 7.489985606212703
0.004624546479627296 0.25021223370570234 8.734558794813953 6.490148429916598
0.004467792322217927 0.2499179278896294 8.956763815860302 6.462252391050792
0.004431467802966406 0.2581657567346852 8.64326294979194 6.693284460165919
0.0033752836519942205 0.259786206801757 8.773402305562282 9.967238670072849
0.005232115065058518 0.2582035943260792 8.756763543075536 6.897295678601222
0.0044011568470384245 0.2593542270274778 8.828019424777843 6.996923936273838
0.004427043840848145 0.25867928411674146 8.716350624472215 8.105751874121305
0.004171997819867768 0.2543495827461286 8.766447482784656 9.38563481427995
0.0047031657068214005 0.25467749969257136 8.7948469158141 7.693056263578158
0.005615488836654194 0.25781890014614695 8.852990936143392 9.851896706572083
0.0035357314976727926 0.2675780677043079 8.867858370819903 10.735580252449349
0.005371248827360105 0.2642869134171296 8.932118946064048 10.855411383673982
0.005178823653451422 0.25131400533876835 8.760953234691923 8.605832071829976
0.0041211073376078815 0.2574215933132983 8.675012463581727 6.091794873131852
0.00527564590305788 0.25723869282626144 8.83719257214108 9.07814968589828
0.0033474909020857857 0.2651309396774296 8.874904930195445 12.159823404293306
0.006495669889309855 0.25862937831009436 8.86762739802371 10.53982345325775
0.005460835794085124 0.25330270861516824 8.813110456353566 7.928179648069647
0.0067350418465968185 0.25518794435337544 8.895054357007208 8.139547884988568
0.0058915074875829 0.24984271121454193 8.860619841861112 8.2020789204035
0.0033675004911731584 0.26332465713951825 8.802847945848853 10.837747389108452
0.0035898471266912458 0.2563822132803355 8.758290692252443 7.8576179805293735
0.0052540935808015315 0.25573597014799176 8.9011646700212 7.530655203080092
0.004523640371410649 0.2524329504915973 8.735504911218552 6.781301307432164
0.004156549758316669 0.2550571652420177 8.714097741174637 7.453827005638564
0.005057710897921943 0.26210982814221173 8.888986797082472 13.024890185997323
0.0036347218433564763 0.26461068541891664 8.812128310425152 9.621900724987988
0.003977020762357682 0.2604046822470252 8.741314441633977 7.926166720689719
0.005117026114010686 0.2579573171326588 8.653898029712371 6.650527351272807
0.004423964686290226 0.252389298122906 8.839787651977028 8.387616996315055
0.005069266948816984 0.2522717864949091 8.779019412260887 8.512432143612218
0.004814398819462954 0.2506330752019488 9.804577030746337 9.032916375091464
0.002971928643571339 0.25935240093492395 8.799555944961586 8.202854135455864
0.0051838654559693215 0.26277568748055824 8.903203741096746 9.53083184472715
0.0042466338578705 0.25745208451977397 8.681387633722467 6.523474808167229
0.004061850066320572 0.25405376182506967 8.754151665969683 8.616626090201388
0.0038941680559525585 0.25401712388214703 8.800978590343131 4.801046597951229
0.004983295452470496 0.2593135411605215 8.732860437048924 7.07285656708614
0.003681673294595937 0.2559714010005837 8.744120013407176 8.382502127277544
0.005273463712877017 0.2537703948400232 8.815075613584266 7.739490126635381
0.005817804493151347 0.25492871682412066 8.75129308815629 6.310859060048124
0.004781854318410842 0.2592768096581145 8.874299908132421 12.36229434352139
0.0051169861647923955 0.25806493767792504 8.77791740230538 7.911054160398188
0.006031664903872899 0.26245872430156925 8.77956127160511 9.939697987461683
0.005254761622276622 0.2549207229605511 8.852264287556533 8.725351931785957
0.0044522983686436785 0.2485331738823391 8.696335842467315 8.016742403307907
0.0043676081671769375 0.2570080705155716 8.77912053134377 9.025500527697647
0.004655560226038777 0.25737907307211716 8.87173763236124 9.442909156885994
0.004227411110879957 0.26129207044733915 8.906813692375813 9.914677628347437
0.005958418564649721 0.253869534389782 8.742672177210652 6.661945856472691
0.0046314280935749385 0.2553676222451794 8.853550185707284 11.410165241437575
0.004977996226133156 0.2532062371083271 8.758142897362994 7.303099395195258
0.005543712446486415 0.2569139445960772 8.827998933817966 8.295798402617496
0.0035597378010449507 0.25944247254302244 8.856820575220233 10.567474893767093
0.004286767954019095 0.25947018701777935 8.829811860098985 8.01771009071868
0.0046192378438039165 0.2590355544775029 8.893049600775944 8.816171534373744
0.0033478240235916552 0.2559649575338875 8.746390926342743 7.085136847048242
0.0042141713343517 0.25901426488244517 8.715674264232586 7.173525450581132
0.004668211585668344 0.2552974918860682 8.795204636261394 8.03010596935423
0.0034752364159571654 0.261174819282466 8.790635349326166 11.47974462260393
0.005095072589815554 0.26446491285753193 8.960385041293952 11.91495000344667
0.00524339638542136 0.26023993569043835 8.841973114666349 11.686969468775402
0.004726625589976344 0.25710106070652716 8.933922850724528 10.702807993609659
0.005038209744423383 0.2655485841536447 9.017500531900584 11.016161933171153
0.0042962860373082995 0.256174975006904 8.833573023151429 7.009539249050933
0.004557981491936814 0.26635814347488207 8.77444293785005 9.353291573304615
0.005640936732431936 0.25899192312446984 8.830472958025572 10.977114558514515
0.004469454293717463 0.2526807246649958 8.917857056522045 9.739143294382899
0.005039187663627486 0.24850239719304756 8.709231388682007 5.550078270096104
0.004211388701712759 0.25465178816542733 8.645221028909175 7.0657023367139775
0.005218327420584179 0.24886480108871445 8.947716109866729 6.067955274005498
0.004828427928154299 0.25887116357370876 8.7400114979756 6.786108996660683
0.0038889288154024763 0.2661457336349904 8.99084913883051 12.554928156850439
0.005390362507296117 0.2614651860461368 9.134953782948473 11.301702534593467
0.004076938360800558 0.25131466310080874 8.615794241050843 5.340812491545144
0.004633306456226585 0.2539212692285796 8.706437431809437 8.622954549149393
0.005554710758033632 0.24886260921810666 8.767531411702334 8.42021862295892
0.005333767574007934 0.256002990423715 9.320823991404762 13.49228901526233
0.004737034358085579 0.2623456353451328 8.85586331863276 10.29541521922129
0.005428494262486299 0.259008578109971 8.805219466361821 10.770786450579871
0.005487924712032779 0.26300565192784764 8.816630872731697 7.426264108067255
0.0061932497769344366 0.25396375379578895 8.75140875421076 6.918313599076107
0.004136860654748175 0.26398662593062616 8.877878292914598 12.510101040473138
0.003302765647643444 0.2673840876895742 8.80476832090407 11.380391527706363
0.004622151759842255 0.25984618749224453 8.568960883824717 8.507463241923322
0.004265851763738274 0.2562481245343171 8.795685783514774 9.662696238066934
0.004403848619879666 0.2459865485733922 8.74305263437687 7.071276776706958
0.004407034830502973 0.25385913985827635 8.792561231953425 8.089132514065478
0.004314115454601401 0.25043624987803514 8.765043782217152 7.332540551075082
0.005432396356465372 0.2587335196102232 8.856157676816542 6.911101729658527
0.004680321307257028 0.2579338482989185 8.811855569091138 10.399710905860893
0.004149795386399728 0.2639919399608027 8.84503815485726 12.434421698390905
0.004027014504625034 0.2602805298975237 8.852500304684435 9.466654806208886
0.0045230413294039765 0.26708015229233406 8.932195840818917 11.65692242536524
0.0046683311343121104 0.26108258486942515 8.775039533832684 7.912761532655257
0.0044168901169822136 0.2562417501317983 8.784834218429484 8.190412442113526
0.004362741419163549 0.25654462214745233 8.662139444911693 9.034842627474589
0.005758130446263907 0.2585596724195156 8.92352157840411 10.300039159531389
0.005235843762246016 0.2466197389261563 8.338145763138211 4.612027258336219
0.005427085632274204 0.24859017514532888 8.799622929081337 7.941810819232979
0.004325572009403072 0.24809703015677742 9.289576115664435 9.703386320380574
0.004074657464111515 0.2665747698727762 8.81798628398992 11.136839546158056
0.0022483499310398036 0.26514971229092554 8.744387584686294 6.363582565572195
0.004002184715096684 0.2642523465550046 8.913035735881705 11.527327852552975
0.004169997327737915 0.25713631543524096 8.792872717413513 8.724599290592325
0.005734374850762718 0.25527392150115513 8.844524544596013 10.806263956285179
0.004592282370124867 0.260570938868372 8.916267033779643 9.851583522900992
0.004340289587642333 0.26255635800465493 8.71197836094728 8.031937521820538
0.004348939248138312 0.2523645348055916 8.789429672516581 7.373477738677461
0.004609159903404309 0.25376312153609415 8.861380802051121 9.079802856223251
0.005595568472912062 0.2498608313872286 8.899325928915037 7.054740210210644
0.0045801585232316915 0.24749478902136102 8.694665554134396 7.457338204926632
0.0038400474180319633 0.25626115942062444 8.808251378466704 8.18631952210024
0.004862622744697991 0.25406114350801456 8.797670541341805 10.868470055564327
0.006052497644307622 0.2552561875398507 9.308248332102744 11.312019877118285
0.0036935564006114786 0.2483960424008289 9.055403556001604 8.756062664954502
0.003158611345486253 0.2683106240319275 8.914900151364847 14.28981661636853
0.006711823329846262 0.25902024238695853 8.805237771069091 9.24366761946525
0.003838578389994281 0.26030419118857284 8.859065921300132 10.684993922072241
0.004332182614947652 0.2596282730573649 8.873664384097717 11.732918338558477
0.00464638190327071 0.255397660847934 8.564259517419687 6.345643556208294
0.004123819621229477 0.2653957497742697 8.771820645226938 9.961611981378773
0.004534940463948305 0.2520842363519157 8.707229027760544 6.216261388953554
0.0043768533670024675 0.2606112358493492 8.81319524217112 10.818026468652226
0.0054144303811953925 0.24848991409450116 8.978662853660566 6.99863099081125
0.0035962287892626044 0.25680644106474904 8.749178290298577 8.47343606763287
0.004546902505957407 0.25071097314619584 8.710030554680607 6.79765322779526
0.003843288026651916 0.25799144329261336 8.791367870193033 9.281668598156047
0.003741510477835483 0.25754460009960267 8.796834805762709 7.286189619799428
0.004806003041513132 0.25713104356693606 8.801449077337754 9.147517170187829
0.004286500540732175 0.2607418096253288 8.797835504900533 9.531490979658564
0.004346724790092984 0.25614085982180224 8.758794624293701 9.03759957085475
0.005730568926223188 0.25572866593241306 8.710114205873165 8.713028725148664
0.00401020693587992 0.2613506244425381 8.964931818772769 10.895158882821745
0.00437696844036918 0.2564203243015324 9.051203350742156 10.846690484830468
0.005238372343368647 0.2555237751373951 8.843200671556504 9.71346888432645
0.0042471190734988465 0.2613033748944422 8.854383291292981 9.45870253050507
0.005223105148104606 0.26229059541836763 8.786135942098882 8.088383885790869
0.004551728848330362 0.2535608099402261 8.897239829501537 8.297105666114609
0.004079233338219922 0.2608329767090952 8.764153454949163 8.88335725857093
0.0036327335886077888 0.2494504448097209 8.547452320058593 6.103365551406528
0.006136199675419856 0.2604992890966147 8.68964234993539 7.389652939507094
0.004418865503954844 0.2571496229879263 8.717841574915315 7.043634922083961
0.004764537599341982 0.2544781626984146 9.719396110594847 14.064386723024175
0.0047523496405046505 0.252992390340838 8.83307412777609 8.922912591015313
0.00413781511584892 0.262325344163155 8.827878688700395 10.055565793054864
0.004653834039206851 0.2633585980344155 8.821231891341771 12.629100117737881
0.00354530275663913 0.2740339925382237 8.931454915594665 14.079395137940786
0.004154258859561425 0.25805054735853417 8.840223510696156 11.668225903648885
0.004342479219409762 0.25593922428410687 8.882026327364947 9.764375247653494
0.004430048373398289 0.26304493507484406 8.907344648709909 10.132723423649274
0.0042012053984132516 0.2593758545022814 8.819803337740948 12.777965534652065
0.003326189803779848 0.27208628464746176 8.808006529750685 12.78107570657219
0.004978913184045967 0.24815364382808425 9.010679520452229 9.004381970060708
0.0037772742518887405 0.26299276649622405 8.68867598218312 8.15720630523165
0.005132736427214924 0.2572530934892199 8.841291253028487 7.34205262074201
0.004153699933052193 0.2551950094377826 8.765216152281035 10.830641693562947
0.004508505045902333 0.2584070173970363 8.855808451478548 10.133444010691472
0.004555594901825243 0.25992431805524474 8.815684890127352 10.575685978646806
0.004380850307716193 0.26550397997652975 8.994074702794668 12.828069296553835
0.005433141589299151 0.26709793496101364 8.853609345306264 12.432328127183023
0.006727800615980149 0.24739416681236404 8.72499984313118 4.533979651504586
0.005464502994717133 0.25318051159687727 9.441698120839764 10.722994408860627
0.005225713787661549 0.2601165696299216 8.89429276921965 9.795440990505094
0.006132590430204193 0.25542200505812007 9.261318004571045 12.149058902137252
0.003615182108018971 0.25776915647176013 8.668259837500907 6.198590594244095
0.00282692074537116 0.25663050182801095 8.812402840583076 8.620255057386752
0.005307187072372881 0.25837549252303804 8.805315063173039 8.192183380141897
0.004226718163652743 0.2602656617655644 8.793169146465882 8.512428241431795
0.00464989450476183 0.2585513838723045 8.787915083902835 7.1285246562832185
0.004096774570698338 0.26386219359850716 9.011637935755337 12.173359935229772
0.0038870608507385026 0.26165514138419577 8.98331829740136 9.49050509235373
0.0034577501084256503 0.2645913544084154 8.772736321619808 12.849002852961263
0.004670091058340051 0.25849052315001264 8.834090307351648 8.217076610800902
0.004724598508149656 0.26525745488927266 8.936485651467272 11.898156938711523
0.003754893047655349 0.2522383294365499 8.751938953756008 7.1426229759212045
0.004252402425008986 0.2529469111420195 8.844554531084217 13.045720921025197
0.004310864606314017 0.2614969957508011 8.869277568008682 12.339323135775714
0.003918673707363521 0.26349441307983124 8.84562376225692 10.8856254130347
0.0035653779946106905 0.2617429504469585 8.77399866302547 8.639545129410196
0.00546946145691645 0.25067227434543093 8.697232957762928 3.653303072394854
0.005221349811628024 0.2523412622181007 8.807309544191511 8.398439778041762
0.00462172638312229 0.2593406848335791 8.818550110454044 8.653177373065782
0.005382674176571109 0.2606875656365111 8.84290574814935 10.910241653060961
0.00591066331339467 0.25254491078069896 8.740607119067624 8.859841440227116
0.003395089871057032 0.2627784177390654 8.880200741785387 10.064737463612467
0.004622232755735428 0.259495493945905 8.793649895104114 7.817464689782999
0.0038474704598804605 0.2549698295376083 8.724177692144618 7.675252061274631
0.006557507686077002 0.25666527337721723 8.845811356538704 8.941459859100657
0.005354852453963685 0.24875806429190983 8.802377843925365 7.7450729267799225
0.005695456802522602 0.24595160446028075 8.663857585743 4.79953856436488
0.004219368548126964 0.2676187748105948 8.814194727303441 9.737878973764934
0.003892376511409719 0.26652503210619216 8.853826640168199 9.561437960910574
0.0048482010031597415 0.26064433373727847 8.813529629067325 8.572795052581895
0.004141555403585453 0.25315899193002966 8.649711601272049 7.44870791787497
0.004551574954811727 0.25323662581393525 8.754404587286814 6.85318672337076
0.005749424001769114 0.25153825538878927 8.717168485300915 7.084169899278398
0.005366325437502585 0.2652631506421952 8.848702336657375 11.463929143150878
0.0042147924122903765 0.2706652300188084 8.951708423667782 13.812509588365948
0.005197293857707693 0.258449652726504 8.736326532553289 7.8770091924769945
0.005534197663337655 0.2507854968558264 9.238738692800894 9.830799640740308
0.003915496987526669 0.26702712535584117 9.103597584133935 12.739057360440885
0.003873824121928331 0.25609486137265525 8.813247230890124 8.737762687598014
0.005656142745722314 0.2560840386789245 8.804283455802338 9.490471927166443
0.004316925168383671 0.256757130288497 8.727611818857621 8.491017548057906
0.004012750796285707 0.2589066754782886 8.790406270372252 10.729080230370313
0.0058094719446584965 0.2561894632201823 8.849122406372857 10.388116193625363
0.00435587412119973 0.2540325762115794 8.681984742387876 7.481025318281806
0.004141358368480948 0.2563859077462046 8.721185488882597 7.4799385860152245
0.005199401962863507 0.2527298597489259 8.727632658271787 6.371479078511411
0.005522014305734379 0.2625026785610054 8.605399756077876 7.62048576492908
0.004315190030191257 0.2535731766613931 8.65674517224612 8.543673936491523
0.004369045653199444 0.2586206979684744 8.73930628375058 7.084822944303673
0.005114884926543916 0.25965150355694877 8.748921987433603 8.05955666883052
0.005032884163456462 0.25277570488408896 8.808311102785044 6.739109814287575
0.004527669203379857 0.2588819894311678 8.742214368750332 8.43717989399469
0.00428012717062357 0.25826868818513116 8.811504882582035 8.67405020266279
0.00478781639616809 0.26049991579402165 8.81992341480655 8.866913709461302
0.0045197702134030515 0.2589371323323545 8.693805857816608 8.589887028224359
0.00519966690242224 0.25589232168212495 8.719980990784954 6.86065224252778
0.005346075038451457 0.2607838193653259 8.722974861179782 9.656732916388375
0.004173840678359506 0.24938004528953617 8.786225979474459 5.032083233299282
0.006003182139173859 0.25103038394951693 8.787714887231825 6.6820318492534225
0.004421331083464878 0.2599923378296066 8.915422045021266 13.518864123903953
0.00404951258883691 0.25749484624277574 8.790236535672712 9.008154907283945
0.006023753005497553 0.24802488314045024 9.324268514852387 6.888451449261838
0.004749196585274806 0.25943001444655533 8.73903882961094 8.274801020954904
0.004188219767645221 0.2529950680348736 9.002425932720401 10.121918984932403
0.004853714343269728 0.25723540424145697 8.785817175968646 8.3803584253484
0.005014649030601266 0.25685431802111913 8.80384945183795 9.721451780143129
0.005550710283522727 0.25582157231556046 9.047202655950208 5.646646774504935
0.004932451312044119 0.25077872325702233 8.700190290890637 5.628191599411828
0.00494128708363732 0.25534812119657047 8.849357311215625 7.467926408873736
0.004900035822230968 0.2570658701162156 8.749731670091212 7.498108461215006
0.005407675604667606 0.25528499802164717 9.152155706274952 7.739145300623481
0.003964502258028251 0.25805874313108024 8.760671704374314 8.518103001894271
0.004232451160197838 0.2547673101710961 8.80417123616759 8.672761718314728
0.004267758675114586 0.2553205037897115 8.776125843956121 8.376190129294892
0.004617532921795849 0.26057745577255687 8.803135269244859 9.029351410704876
0.0050399895234449574 0.25701315130905333 8.92593068794322 10.343507379749784
0.005008247653310379 0.2634976408315436 9.20093506466246 14.879689855243932
0.004090831103267301 0.2563192727529491 8.861669123317506 7.932420091986126
0.004255295636160502 0.2668915128987034 8.833878340035088 11.19241258003053
0.005316156342476588 0.2487398317906555 8.936957562369827 7.978608724967583
0.0054092488924605275 0.24623236291213868 9.44279978953837 9.424244544502507
0.0038885053822840456 0.25616228392007445 8.916357958622406 11.393060225785744
0.004724468211940872 0.25599763999379743 8.744796254633577 7.813782418154454
0.004811486521356654 0.24861508759174966 8.697672004116262 5.690048351750254
0.00470437393303236 0.2531175322447694 8.570744695165972 6.697529955709279
0.006219047893199161 0.24415105638163848 9.50755613710176 10.110337301464124
0.005639747773268143 0.2545707791713072 8.846796476767725 9.580856863041301
0.004187354162305281 0.255377434776374 8.701302202442646 6.969819809027249
0.003936669206606872 0.25777640898619303 8.81127676918516 8.381881474532026
0.005227310390016952 0.26131355298041137 8.937596508493378 11.587760568690856
0.004375856776762348 0.25150516245634447 8.559639463327636 6.0515644735402745
0.004615730246540358 0.2637940801312728 8.813184611232266 8.449118131909607
0.004507375078524568 0.2542497875076455 8.723508491092009 7.214682932628985
0.003938771095473811 0.26028604512842446 8.7678804275199 7.6462160646334425
0.004657739676959877 0.26179502414427336 8.77754261228439 9.422217188119602
0.003856340611232141 0.2687738428061961 8.920746798085737 11.764144161997379
0.004468364648423029 0.25450300198690057 8.727645709630757 5.434790585150786
0.004047655632432475 0.2546781693637482 8.728551942926252 7.791990618454833
0.003733231656432165 0.2537597778396967 8.690853965737922 8.446574872114937
0.0041943612777483475 0.25252102953600564 8.724400026601739 5.442459483045559
0.0038942965191069816 0.26732939576855685 8.929559288443084 11.24126393311477
0.004502813926497358 0.2559584914143027 8.903508940321908 9.820144292126983
0.004214406274535579 0.2608315642415773 8.752588515029784 8.790385062341558
0.005162427824737586 0.25449923753140746 8.73103517922555 7.078481960284217
0.003978051198607159 0.25866345749257424 8.849236886318904 10.468321941321934
0.005244140889901043 0.2497235436209725 9.017313323877746 10.887454749593502
0.0043555152291274175 0.2569688743337698 8.998124722063185 10.897820542650702
0.004668405571072327 0.24507801898848813 9.29795596281397 9.354564642378573
0.00481006740449157 0.2608805859663239 8.873291930522587 10.391895069936087
0.0038202221892173396 0.26091443600601194 8.77011814615512 8.186071781556619
0.003984586210531763 0.26109388782979304 8.683516949518635 10.727133667461285
0.0038395742379022492 0.2605799684326131 8.69150456468997 7.014968626757835
0.004352364992836551 0.2615523342356375 8.609982503637161 7.289672169497393
0.005385819983421809 0.24768220536851493 9.916752209531692 10.812465958262571
0.0043753769178604355 0.2541520297329135 8.687835800587216 7.038618979277149
0.00348222243409431 0.2547345994998157 9.052887946353735 10.29214839613431
0.006547565113747415 0.24787784979430494 8.683514607471729 4.757208067844705
0.004691451730712096 0.25654323554240555 8.72719183651678 8.015293139649929
0.003920583349780203 0.24849506044284797 8.702213367807213 8.426505509735042
0.004790175207526195 0.2554498285535679 8.728790714773494 7.284731719890124
0.005103400583501592 0.2683864222679925 8.911457250269978 10.768650694609194
0.0059624426286066425 0.25412506721155415 8.84419863198196 10.530864233220413
0.004666841259036006 0.26403194602731783 8.876831363774874 10.753251408180175
0.003387696874882334 0.2621682106846379 8.90114595933738 9.138226542883139
0.0042876301640961045 0.25860340029740214 8.749057207704388 8.361221646433094
0.00436943536619606 0.2553846252318771 8.815992077830927 4.842711636347831
0.006743513540444851 0.24775840499011115 8.760885472989127 7.722778399904813
0.004244896010122725 0.25405313198227364 8.665934306253105 7.012272814174961
0.0038420862524418085 0.2512033941010191 8.795528378344615 8.645358325932788
0.00601774347709213 0.24750539914981196 8.605754365076114 6.775346794692461
0.0032752012197259446 0.26844440179179463 8.80489263291404 9.184130078085298
0.004918235083920868 0.25669513576745684 8.799186742049764 7.796569529349836
0.0037790454975639323 0.2573393405136032 8.697004840762016 9.821555425084528
0.005034455978535368 0.2516093310287535 8.79248146217775 8.456514019278213
0.005117771124645168 0.26132439025517196 8.75012082565938 8.80221436931626
0.004766480612296472 0.26312292756336564 8.922973901081434 13.114027481565095
0.005492679903279285 0.2563415842622472 8.746578391807619 7.160064880615628
0.004041901568850071 0.25406640540581527 8.748444175135004 8.861161332197915
0.003075738904387065 0.2610872680061679 8.697951885185578 8.954460555450861
0.005379544714392259 0.2438108761426957 8.832822297830717 5.268985260204671
0.00522005770321535 0.2619942505842169 8.880320475610455 12.015689751502286
0.003173588970947056 0.2559329634010792 8.74860749532971 8.404468698982416
0.005105694469369138 0.25055012612233485 9.07178694556736 7.765312369956453
0.004891039004613184 0.2581949081010875 8.880019242077077 12.092125098737347
0.0041933019784071 0.25733893549576037 9.114308533036592 10.514778207227057
0.004458177396958553 0.2634861357220769 8.774044860559723 10.320679786709444
0.00465319023018375 0.2557875628933256 8.828102629079478 10.247011096319788
0.0034322463085198064 0.25441337368828876 8.68960109516839 7.32500123102024
0.004237997380884869 0.26093307291748336 8.823630099429463 12.273681655381584
0.005548354677805542 0.2539097336306241 8.711589667685187 6.455657809730111
0.004049732810924505 0.25693587785011285 8.753119853552112 7.846122647875074
0.00650424513647355 0.24348276406486746 8.842151896342777 4.25219538843153
0.0035787935674690616 0.2687478260782118 8.960290228816095 13.782077687841554
0.0057699640079820974 0.2571099166932781 8.788378864665585 9.13011692166341
0.004509122063439873 0.2614080354838989 8.755765600542068 10.76521231227999
0.006293018882598045 0.24686369765579697 8.902519836005817 5.712071800384616
0.004230071537568934 0.252596675571516 8.701175716093546 6.949013108697281
0.0045283613153371885 0.25042220359746725 8.723602745860683 7.830613900292121
0.004500085852473793 0.25749390573298514 9.073022968354698 9.868382100761254
0.00529038378833435 0.25385391791388656 8.912151879851045 10.415548204679576
0.003442830384137203 0.2571362152457678 8.697824992205184 7.218407751938969
0.004046161560259935 0.25667096760810515 8.819100472572138 9.416376308058592
0.005019744050765379 0.2579124157045385 8.821199319483412 10.193218282157702
0.004045410350453754 0.2584577008513954 8.724143160470245 8.906431036012771
0.005242075571992416 0.2611563448611559 8.865495641300168 10.213589057243077
0.004888769647565578 0.2613443013060017 8.621478118094966 5.964177811740704
0.004606926314248144 0.2601596826779703 9.145331287768617 11.63087164506105
0.004243255698747301 0.27093847536416626 8.8193605531151 10.799947435307395
0.005524579682848534 0.25125639971897273 8.741755582310823 5.963954079081635
0.004491070350634909 0.2579287647553421 8.85569892870628 11.601340107713694
0.004096553914264324 0.2580053619535496 8.713750222952251 6.5882045884150315
0.005255505369005526 0.25456197556905613 8.85156502835745 10.436565348899911
0.00453700356885147 0.2564003024453838 8.958135325440564 9.455000186847832
0.004188162941740945 0.26520349916907415 8.737419649699456 10.031701132043484
0.005211863276025561 0.2570017090853711 9.047651727085896 11.317679298994342
0.004671878328001045 0.2601874688578153 9.017583241645676 6.563662422846806
0.003829288301581532 0.25762379450856177 8.911307406539208 9.55266448134224
0.0055083859719675925 0.24825760202842795 9.096072715556678 6.17087259172542
0.004884194215935695 0.25718032166304394 8.802723993296416 9.468715537893786
0.004586537153047137 0.26048170191034536 8.717564613342027 6.418404341291169
0.002750864134262862 0.2650423061262387 8.817915293188348 9.930494373511848
0.0038905099095872166 0.26450724688385574 8.81563711254713 10.873436555619541
0.004615336754264677 0.26274178254450986 8.739541718067432 11.539528075545164
0.003174216563227525 0.2535899919641319 8.835956493026686 8.475661686026267
0.004156504849548583 0.2568740059581791 8.77997303570876 8.671951046709538
0.003904508217348589 0.2613312228426403 8.815169334736247 10.875848718738377
0.0062386719726883946 0.243785932549347 8.672831898993744 6.0634082639385
0.006083381122626846 0.2577553849243124 8.782710654251535 8.440556376449988
0.003621320213452847 0.26199563287682825 8.862298729599573 11.06794434148342
0.004517664072488567 0.2657063555610889 8.792545975863634 12.627405872374492
0.0047871314877581915 0.2665719072799436 8.877835755079381 12.104105914821805
0.004294756171516681 0.26285550557527027 8.771591289013621 9.565482902280669
0.004023335441432047 0.2616648951956101 8.815931126023312 12.8628651814961
0.004468778405109903 0.2547517907147425 8.846467272365093 7.890284646267138
0.0046299881808019965 0.2546714723919251 8.772053969735193 6.339049608861244
0.00391940301201665 0.26429276870121965 8.878912511439076 13.35267161957967
0.004582407917623778 0.265587756129949 8.910175028660703 12.371066206217922
0.003303073884450433 0.2586381870414698 8.71686930416356 7.070848883965745
0.003094911481402829 0.25631684078882433 8.718807055222818 8.629666650418157
0.00619914010766145 0.25065559138267623 8.725537028742718 6.521363965722678
0.005909331414023793 0.255702669985614 8.825784408855778 6.772455875089398
0.005277550920390005 0.2551792047179101 8.844638628333213 8.302078949783487
0.004424146191537912 0.24855851602677892 8.844340632425538 7.953963257749299
0.00521553715480757 0.26198719416357064 8.817138709716836 10.920958879747523
0.0028602506487335395 0.252811684460596 9.416042385495274 11.93978238175544
0.0030435953191396596 0.25949050539215957 8.85149253334882 13.314457965736336
0.00466864058552468 0.2592815227953885 8.786219745265813 9.355698415777367
0.003963636320534003 0.2567737893217876 8.72132263540031 8.083958987353688
0.005579937104154061 0.25705434397498805 8.956782960084176 11.287196791167268
0.005737846212537093 0.26148334572317966 8.796750028475813 9.71488241407308
0.004993294018054778 0.2635152173300662 8.962260522400719 12.490028270851793
0.004040121761317662 0.2501331079774728 8.784853606919945 8.055118465932049
0.004650671292611881 0.2588481714044746 8.84257252612532 8.624523715051174
0.004107948865966384 0.25802156788726494 8.603999673945847 10.34675070845465
0.005281833189339255 0.26010568193812045 9.122631809671697 9.882334680278007
0.004061837118603881 0.25784844432118426 8.754489200333234 8.878381355142983
0.004532897537039929 0.26342786864809686 8.904039739888141 12.857840969067329
0.004928133971653546 0.2504047074243929 8.815667867175982 8.970630707749555
0.004580341398052317 0.2500530677473486 8.74599468801858 7.034741895137973
0.005384730986446598 0.2512800075904026 8.861119506009844 9.351814638233263
0.004867056956001607 0.2510741656199772 9.03590364247426 8.46017654889258
0.004539490406455449 0.24941000677185254 8.63779577566744 5.729730380572466
0.004604298761501244 0.2581616363537934 8.784072398709693 7.577018777828172
0.0040646264765224075 0.2599460178525308 8.710705710300275 8.665676835111235
0.004209115004011001 0.26476906131424593 8.824925706705315 12.249533307587477
0.005106622040199605 0.24764871712926217 8.705787230787092 5.619311514764876
0.00420707490230193 0.2551146677331969 9.13183174303738 11.214570186965037
0.005359406770557249 0.2589619306250416 8.874878264193438 7.975069966922308
0.005297839560976753 0.25406464411470175 8.769529968330737 7.5413952652242875
0.004830485028336601 0.24789059387672485 8.675259512404152 6.123770063480005
0.004522446254873306 0.26324862610012056 8.951695161984889 11.338818302372147
0.005483727707479451 0.25388154521368633 8.822650828969593 8.283581568499816
0.00574118526349859 0.25490799833058386 8.713994027083434 6.806896063660863
0.004129471114427969 0.2578399415500159 8.857589259107222 10.540133082938574
0.004624338424251847 0.2544651493744686 8.793731518823943 8.908389741406813
0.004828678692081667 0.25017040416351954 9.448484091288881 9.833763477822119
0.003951906421878468 0.26122213446497133 8.830563509100058 10.25539352018819
0.003815501484469143 0.26287131145182074 8.87134007954287 11.45868069364677
0.0038804737455128266 0.2621079236098066 8.522648314697209 10.217482544371734
0.004158666203604882 0.25330063558556026 8.790939338942987 6.865487609377474
0.004655603774502262 0.26374109257801426 9.06568406311055 12.499460450787888
0.003319674095728073 0.2620565387290461 8.894753876397703 12.655253274005497
0.005183611667345479 0.2529258093096821 8.811087044148856 8.4150363970096
0.006044324192298953 0.2523266026442632 8.921902125944422 11.338893370557528
0.004150562292537879 0.2554775339905875 8.803965171698145 10.186185267312553
0.004287270344621469 0.2514836819012205 8.720475992615086 6.659305006666803
0.004845041454074178 0.2569500994142764 8.723350959379289 8.818038353007037
0.004497627769026995 0.2765777767884039 8.930892699045085 12.020897970689692
0.004869403982708456 0.24227405052199025 9.329437566213008 6.648807033820481
0.003710240203938348 0.23807226933535197 9.593948455940328 8.362470435008186
0.0053660585579885 0.258536262306604 9.610170367284558 10.641568607895517
0.0049765042231529185 0.2582805998428689 9.1306958552268 12.039789763800275
0.005161313429905093 0.2611124646124068 8.835868518619462 10.053721798484395
0.0040432228742298465 0.2557061702490785 8.689197177221214 8.370350449901814
0.0038834411760332627 0.25861613221236246 8.785765631522157 8.568610878438868
0.0051110204001644285 0.24521484683987205 8.716182047040368 5.3712164319048235
0.004715141008581887 0.2596556039421454 8.76476568204286 8.824306163887465
0.0062809638789659734 0.2566125553614903 8.912855410501518 8.905559344265082
0.005408023367284087 0.2522741796717405 8.96271865913133 7.388731709486252
0.004627591589048601 0.25803312027694003 8.79060558265914 9.562293085126369
0.005991677768184409 0.2525420448971504 8.846813133351361 7.3507311137663605
0.004026397163337063 0.2600855901112764 8.957605419796657 10.546543484737823
0.005875412825430908 0.2550216983819412 8.860636086699476 9.262792854501825
0.004302884589510256 0.25162957129263674 9.344645151281478 11.404585274624237
0.003384448732737782 0.2660952722189682 8.856328857368682 10.822023486537912
0.004589414468767959 0.26223168561153054 8.848253730005462 11.914428347659257
0.005082963957802149 0.26179909184247396 8.815454768707648 9.532815629782496
0.004771571871080467 0.2586833097927408 8.768439191341365 8.893945090624177
0.005154508211339723 0.25311559623523705 8.812764212063598 9.08856888107166
0.005021794397905134 0.25441547671354114 8.74612484802228 7.485497675710472
0.003756146349004591 0.2574161017991097 8.729239819613325 7.670263299504128
0.004314159500899724 0.26581979954686397 9.001251505672627 13.866729180915682
0.005504835170351071 0.2622814398928911 8.83611744684616 8.266462022393188
0.0063700641289023835 0.25610757147816443 8.777464775616545 7.70653178477706
0.004230894416378656 0.26317597944617244 8.963528617578298 9.880725148765968
0.004127204722602999 0.25594136048225047 8.632442717860709 7.870233727739972
0.0048246992237426746 0.2566965605504591 8.76863019695234 7.54462719835734
0.004590943803922026 0.260723994964156 8.72504736274481 6.992795050161064
0.004579198621071441 0.2635294323687035 8.864113429674767 10.913537079245991
0.00422841231530244 0.26009807944542773 8.88935499277401 11.481091464856782
0.005683237840464763 0.25579145467408615 8.76323475690667 6.680605715568905
0.004472611350983083 0.2530860651562765 8.732241213478979 8.09301492618234
0.0051661328297183525 0.25843471474131896 8.70385278201827 8.49978006129804
0.004529386000395797 0.2567521317829855 8.863674395388681 9.33123626494469
0.004055625465103737 0.256168984605735 8.69742009614351 7.548714340441493
0.00420540924504619 0.2515225285252565 9.740393265027953 14.073007995977656
0.003771431509183301 0.2607798806920347 8.730440046792191 10.300959189733472
0.0057983291730356 0.257523357195678 8.858105252519843 10.807696979117745
0.004877102282273591 0.24919934380398956 8.787830666318309 5.895621141343764
0.004018836419831659 0.2691909769726277 8.914761608774004 13.211708435116998
0.006743099318625869 0.25806131417536016 8.82480440776714 8.648816982971539
0.0047311469419198905 0.24630356272378595 9.119659318813662 6.986268145335723
0.004346771522518245 0.2528066598107104 8.669253438459103 7.6157903154413855
0.004879096001910399 0.24954722314006494 8.729706176205221 5.657495763650552
0.004816791188785872 0.25676102612265106 8.788368056205755 9.47040676466733
0.004200498674269089 0.2606566942900851 8.778250671402901 8.540191405455873
0.004741853451132993 0.25721901772995326 8.842393186528074 8.401013456525869
0.005287460358683164 0.25639881661478736 8.797405153823583 9.224498695040253
0.004708296159684884 0.24840683282526188 8.80758041637434 7.193147832924974
0.004937829737518518 0.26046364899218777 8.858168421227973 8.64704959108246
0.0042564010016903735 0.2581846216400153 8.825775494219785 10.843602703799995
0.004856996894483557 0.25149822236252384 8.78401907206988 9.036252894927602
0.0059194472006171535 0.25749786731586366 9.141924859019104 8.243825015693032
0.002579334831507683 0.26703303783359456 8.91602412802456 13.076039441619635
0.005888309642863899 0.2477534221031389 8.688544322939219 6.7253847087121805
0.0044602984244978185 0.2607218825210218 8.907652421857414 10.974419982133155
0.004820649984410416 0.25268951604825607 8.68407724748289 6.8070715555678145
0.0045594221702334355 0.25275790574106116 8.763542331053166 9.95690175263023
0.004389674378932985 0.2576306303945214 8.841545942954568 10.327135537619965
0.0037277607190715207 0.25467682722726925 8.731283466823767 7.175108953241743
0.00463685286758206 0.2509098905986149 8.795203970183437 6.177813229186786
0.004203008537751648 0.25749689362788486 8.904041732167666 12.02832018885644
0.0046196403242354574 0.24993248416042768 8.645204731918676 6.988088612766177
0.003874838335496248 0.2627986222296168 8.776956817509442 9.622577743277569
0.0056503981744906746 0.2571582662915921 8.84221886054225 7.844228845973424
0.005204820714819019 0.26289592681205676 8.864170497442593 10.013393986618691
0.0043266676162592495 0.25555973128899667 8.784042064612217 10.028333478245036
0.0053584124484690725 0.2538260906021814 8.764267408121436 8.299457133242674
0.004861099531851278 0.25360221944345673 9.081597107095838 6.960493299841723
0.0057930361063588814 0.2624775019155646 8.67368222368058 8.536916960730816
0.004496072717827567 0.2618075615878619 8.880933761902778 10.801974480701258
0.005049418196522557 0.2468627412813469 8.85079195748366 5.480300158394531
0.004680322026318003 0.25663486531889423 8.692057254428645 7.4086793071680335
0.004563526276424416 0.2622741036080437 8.93454882496643 12.102201428167817
0.005557901733601221 0.26635595209003016 8.898547447515389 9.894211647823331
0.00522550451353579 0.2531592726290831 8.735525235428462 7.666595455360663
0.0044341651143693555 0.25718511855340653 8.730741226556757 7.043466057208012
0.005163661043494501 0.2500042370125545 8.846880659019895 9.102380560732078
0.005279536550027815 0.26131352304151945 8.861303478446207 14.156330115347764
0.0054620112889202455 0.26416236312457664 8.876025760834366 11.134773582281543
0.003576661533976666 0.26255615829555246 8.81688323197327 8.183345158880085
0.004089370859008212 0.2614861974708659 8.898999881908159 11.310014539767888
0.00465247722615132 0.24658559594481377 8.838309499001662 7.589813842585856
0.005354453442471579 0.2578919183605157 8.806785186579651 8.689859971961017
0.00576171658022541 0.2525151226947586 8.876116834378571 6.702293667196126
0.003758994343516885 0.26009508635522394 9.055279044709044 8.2463919285127
0.0033554943736050623 0.2601918503950089 8.851128203767454 10.639270184886346
0.004725337272041435 0.25640619155445543 8.790755609824036 8.737099258066184
0.003835592914322837 0.26670352127884267 8.835976639686088 10.43591708254735
0.0044586062456677625 0.25623806180502473 8.873299623133809 10.280035029281624
0.00497367646361516 0.2598564358662395 8.95191074948971 11.014140169261566
0.005910698051760077 0.2589373891957082 9.090836773449913 10.842180910662155
0.005711740036317895 0.2542664196491702 8.868788123658941 9.980549833359792
0.005646116518534458 0.2664561287468462 8.987300156574602 13.755544206065393
0.0039348817641231566 0.2582051216357836 8.877722243700983 12.46340565697405
0.005697683070394522 0.25490948967739013 8.6184698931135 6.659912664277465
0.004686273844888686 0.26154950918000686 8.805290889571715 12.23906827774237
0.0049079602267203815 0.254597745574317 8.743236459380167 6.178079281449902
0.005631410625471858 0.26105457767968276 8.827151459269382 8.008690278468917
0.003007151669612431 0.2567820201991057 8.824095113540086 8.501465931731246
0.005551786228887063 0.26186934681313867 8.78894001272064 9.385000041995932
0.004031214509007682 0.26826555957768927 8.872634000123867 12.586355823354355
0.004187057915305503 0.25232657003916414 8.715664513164457 9.914619834027077
0.004777554194730879 0.2599855278339479 8.751155647445097 7.974738899934543
0.004049038472467508 0.2494651050133535 8.713218271360844 5.569924766043256
0.004489262735050768 0.2607448410401195 8.768499039365135 8.705508200792803
0.003585709013719276 0.26079141132852013 8.77639704715131 9.661676049862361
0.006189906397550477 0.2547496307209617 8.76904808466042 7.937039838349338
0.004475935682341959 0.2595585534080326 9.077400135122396 9.815283305087648
0.004969839593422425 0.25926148315754927 8.894779688050358 9.732915143473797
0.0034535569484762606 0.2640945476218811 9.084176673627066 14.758955070954743
0.004768509340140523 0.25472731366264 8.734093019416541 7.812089407419681
0.004515527420519887 0.2494894451362949 8.632424909785215 5.178728616800032
0.0059270484872740664 0.247998792679752 8.670091521726 6.070537893646388
0.00572204174468949 0.26055614163673557 8.8505629606742 11.038929495293285
0.003332329484762285 0.2539665480124419 8.81779937845791 8.998315143941817
0.004170303112705963 0.2594098616235061 9.109550842609453 11.122565981166618
0.003833866832869407 0.2579862847167802 8.926463403991413 10.265675418566335
0.005040266082499344 0.25886192241043227 8.874016754481277 9.097783429691733
0.00364326431033577 0.2592616472653231 8.85623112450131 9.54614126890621
0.005001193629176752 0.2534847879518771 8.753390339404339 8.073373770360478
0.005369348486302383 0.24773891374554458 8.756202249959852 8.273944370852275
0.004498324625426602 0.2512793182424834 8.74231587641064 6.175957224101118
0.003810654940211312 0.2573827781380269 8.77065401803674 8.396118506986106
0.004611442243638384 0.257350760717016 8.699776492463702 5.8441645852283095
0.004803456880007926 0.2552911172238489 8.763899270913933 9.726475541888156
0.005698437021347492 0.26323666708132265 8.814516085384343 12.601604399435313
0.004622609428575838 0.24933012771543228 8.802548404501605 5.3375838558393625
0.0041843598775503435 0.26442863767156155 8.860076202189234 11.46299426367587
0.0032181422306808783 0.2518236868172927 8.612699444823058 7.0505350674207445
0.004769211209248451 0.2633969259880915 8.840079582742202 11.457054102284395
0.003917803903705349 0.26080827606964474 8.881226783317166 12.307284396590852
0.0050321579924889025 0.25477122422782195 8.758470196193041 9.555292551355206
0.005327174115162178 0.25080483950329235 8.705203354796218 6.558911234066812
0.0043144078068909995 0.2678975586280572 8.756823569261242 12.035585939633435
0.0044238235353126635 0.2587492364316778 8.557257247045609 7.496996309690868
0.004545624483700917 0.2538685186450279 8.754547888871118 10.216130897525476
0.003974389961763558 0.26444508024047575 9.01680109773588 11.116299043895618
0.00517231192822142 0.24953595558791553 9.028628829739445 7.152134376157934
0.004326360996432643 0.2553697161018318 8.833447211631224 10.874877621658605
0.003836426394796495 0.2522097607246001 8.875631708974371 6.438777182645387
0.005012356999091116 0.2538220340094931 8.75658331535685 7.40971823819248
0.0037013038177096153 0.26155917674189244 8.863236309874654 12.149911368556172
0.005526354246017191 0.25397859305854487 8.788970609441993 7.779554806651615
0.006872385414821564 0.25689473178370037 8.753434602710366 7.910681886503453
0.004666075218599851 0.25327850415275255 8.809984274453406 8.509757901477935
0.005585730928567558 0.250652822294925 8.827459606714546 8.715399027732435
0.0055789933575091525 0.24811950808590044 8.718206614950786 8.817550464783038
0.004417734071844086 0.2570821549714346 8.763269671887574 8.966706490499956
0.004970779395945733 0.25567371993051835 8.988887522614863 11.488834288692054
0.004325550262120333 0.2544059846957686 9.47168700929082 10.473522189736626
0.005811628993310617 0.252598779734594 8.818473266786878 7.835485470131839
0.005489248809186408 0.26064337229851653 8.756838083122167 10.070002765772488
0.004580916292302202 0.2572808927006026 8.766080702344365 6.461788899921951
0.004788104714130869 0.2553017502072057 8.846700132513568 8.364982296054713
0.005089101147315493 0.2596859304184689 8.796023679492905 6.8065470424590515
0.004670099544568573 0.2671920073547954 8.935464583507951 11.340166557642458
0.005135662187641101 0.25216974741886955 8.78661268416677 7.752455773462006
0.004297641401724556 0.2560068477545958 8.656768710832619 8.71992124769757
0.0037047381494493044 0.2663331653522323 8.722361006804611 8.90608799538857
0.0037169954107682665 0.262633103858396 8.728831469823431 7.845794731105472
0.0038459994623032297 0.2622171714535596 8.810002317905248 9.43898810664233
0.006275374211720261 0.2507666221756254 9.04434030352622 8.150236743857233
0.005182152808491855 0.2523445385892982 8.824946158188007 8.192897110366896
0.00492610909364201 0.2558580982836224 8.809727855907399 9.928028924709256
0.005299460638119139 0.26190344709167435 8.794437800874451 10.218665467381417
0.005579860610490766 0.250188303285822 8.77480327771472 7.307208288522306
0.004015888916256938 0.24827771604073512 8.7401670322334 7.924778467633687
0.003803704596560439 0.262721328212967 8.786224452747597 8.514719587292339
0.005222949969928481 0.25927638120681606 8.81756874137689 9.132705973483066
0.005046254338004242 0.2554367139357383 8.736952012290011 7.3716820527238225
0.004892601837897018 0.260345141822213 8.758935166781452 9.42541078918896
0.004331019788814407 0.2547852001064266 8.762681890260907 8.936154791957607
0.005635608903180072 0.2538562833237128 8.687426421750223 6.66946468156331
0.0037673569410022227 0.25729465770922566 8.773649700959375 8.519506386883526
0.004742354464761788 0.25384874777403144 9.124714918886935 8.61503102246278
0.005361536419839337 0.26496173426018155 8.873624154274955 9.163313138359602
0.005187921708029346 0.2509821942418863 9.04459247541655 6.620448413658115
0.0047615588650542 0.25410645277209754 8.878431570273118 9.554662820999916
0.005496583452832653 0.25564040923100084 8.771584690728695 8.8611064132681
0.005943640442112345 0.2507443679924377 8.531249271488551 7.755717704631573
0.004180979356532828 0.2596952850545059 8.798479503583838 8.037076398639194
0.0037099714115366427 0.2616347186215424 8.751961375858906 7.198471087944928
0.006157674993250762 0.24494356764707237 9.056466838808035 8.323343270153863
0.005321995289162111 0.25105156101623094 8.786825841079805 9.793974968062301
0.005526544086212283 0.2700967992109051 8.914423438409576 12.99024393735899
0.003731385790955368 0.25939002684011725 8.83621732594588 9.035610165197934
0.004402433717844888 0.2614587209230401 8.78146412418088 6.83170837837722
0.00530356513786671 0.25450550119340254 8.83216483985041 8.450669178107594
0.004670628263169078 0.25033773203170595 9.175350971265821 6.231966654003877
0.004591564607284369 0.25903810494532464 8.792446333384213 9.40729273306393
0.004351241967177685 0.26958816993930235 8.941819543204009 12.627216269255664
0.005020934123925437 0.25915162511068945 8.788082940898686 9.551815963452917
0.003953253595025643 0.2518163383222759 8.604485600230438 6.828669376981946
0.006656623214105208 0.24484777665405244 8.645328320075112 5.645019816277857
0.0041756364006782405 0.2599300745487344 8.770274589726519 5.752970568237216
0.003460085798964843 0.26120151166101113 8.777817438745402 10.770371904405426
0.003785549556985117 0.2570066257542255 8.712172653640508 6.889924363843276
0.004308438859166803 0.2574563703228163 8.813441981440057 8.06129677453261
0.004447617748178002 0.2540650413603678 9.2101127499974 8.498059913387278
0.003935773552463319 0.26128176413962123 8.8143583371199 9.668930283185938
0.00496368247591542 0.24978935447171668 9.0465286473722 6.6848583483734885
0.004689943079423168 0.26374764684785845 8.850715087658465 11.164876840458327
0.003264173630685848 0.262787400197248 8.798903765161274 9.58977670205218
0.005995837307100314 0.2534038555379924 8.826040809186713 7.515164305048158
0.0041487603097541525 0.25954221017697165 8.755150692296896 9.191501282244877
0.0058225886585882135 0.248884014282595 8.7051912518633 6.726626810695446
0.0033382433819161765 0.26291109920790645 8.730218516270982 8.241706886435049
0.0039507712764470316 0.2542713973554255 8.725075294861654 8.999347267980035
0.004496523148821344 0.2523859505487017 8.636974021949966 8.24926653485406
0.005903156779801058 0.2574694531187939 8.736407547974443 10.361745271806885
0.005192170802901345 0.26381161452859525 7.8382959824048335 6.190457807811597
0.004269157177754055 0.25657542788199206 8.74523836404347 7.6313273604361225
0.006388425099717079 0.254849332006996 8.633835457081988 7.36439487040447
0.005131370704249393 0.2517249128111073 9.029577591540273 7.505946777686065
0.004698716037713192 0.25268893006420934 8.709423584537241 7.314740855509787
0.0032975900252269303 0.2549431866794909 9.084131506072021 10.658561094486945
0.004711274595164374 0.2597005228297169 9.037235354474435 12.934201705988547
0.003515095668477201 0.2634428334001173 8.883240968092718 13.390573074111796
0.004276207500176504 0.2606045748164574 8.904550185545098 11.970146769291455
0.004057132757423185 0.25598789823826407 8.740661611588207 10.071792143697932
0.004912582874609527 0.2641507629537012 8.896796813092077 9.121861483133054
0.00478831671278654 0.2690095217077969 8.936970535022779 11.235238178076157
0.005667876842063261 0.24682426204656838 8.768960411549669 7.7952470682522135
0.003269739025495791 0.2604007992749148 8.760890473420707 8.46218452883654
0.0032795887032875085 0.2551309356433471 8.840710192138822 8.13967859198043
0.004716668567719093 0.25303540470741626 8.611789867310108 6.490435725658483
0.004473654519925573 0.26209446056965535 8.709162147619478 6.836148196893996
0.0044669084468314255 0.26081156139944195 8.689707707485027 7.630200046600935
0.004274090091286061 0.2592459866192238 8.71942884941519 6.962362776240877
0.0041914237602594905 0.25214206427319763 8.784449790343675 6.631500115367576
0.005705280332323514 0.24772446386289637 8.703816235813672 5.542356194585219
0.004415979881784534 0.2511861820681668 8.81581456502899 5.659384421080466
0.005419308799781785 0.2480496946745836 8.78691740877854 8.53702307623978
0.003266665708707468 0.26368890389279687 8.97127981009508 13.728270811508846
0.0041034644913583935 0.25679185118713066 8.86528602107537 8.759433876969238
0.0051630493847604755 0.254732997496798 9.066156024137303 7.198619976675081
0.005635737999009719 0.25301629213905596 8.837850603292742 7.224351201454944
0.004886110351310496 0.25825987644441284 8.8175375943015 8.048902154549145
0.005956272287549426 0.25246520131205075 8.58329906026622 5.503990817222089
0.004597704652032894 0.2569030585766582 8.772388315848026 8.348534692341882
0.0051300117551107425 0.25609312510978155 8.82386576954725 9.34875638163189
0.006656259679153363 0.2585321402533751 8.87697593415725 9.743098180001235
0.005105357172080932 0.24531123021122603 8.503414888858671 4.774814800355066
0.003571820050060251 0.24644237118415713 9.113359611133799 6.693943390489519
0.006221691897072101 0.2549611795831448 8.870493736067083 6.442377098102359
0.0034400107036373865 0.24825792448137285 8.626313764615979 5.712623071852701
0.003954536011503464 0.25906297070066797 8.85543137042676 8.306359982972404
0.004953113958664607 0.2522733661268777 8.823042737743076 9.697530205859245
0.0034968916588988463 0.2566412878992872 8.732022339797457 7.804494321064002
0.004544301382002207 0.2619252827919687 8.877143326613899 9.19698875503122
0.0053307378911068804 0.26144606068403486 8.835842972838869 10.280499945076379
0.002548956191090472 0.2719636714246667 8.956028667918117 13.162692626655907
0.0039050642576464716 0.26382391911457626 8.894935427359007 9.386770659692075
0.004256239539555143 0.2598086107897326 8.722559944176288 7.410555647341113
0.005038249055245564 0.24879315839503935 8.704533284102553 7.1168791343974425
0.004165137979816298 0.2568978721626828 8.798672201032625 7.12374110124283
0.0054185775868729625 0.2557826853599571 8.888488679581844 10.963814823513728
0.005747756539364991 0.258469641595778 8.881359856845474 9.543145004194097
0.004938763129008743 0.25309187741974726 8.777959896561152 7.709384798409052
0.004247596824759985 0.2575704537413782 8.67053323275928 6.886533339733003
0.0048292093962933715 0.26065811300357244 8.830403124931 10.221293871583143
0.004061929593087867 0.25443085733884085 8.955995109055385 12.710475710237674
0.004002924508266581 0.24857735877521803 8.672057458113509 6.938644073585414
0.0064800356201926285 0.2565165067456253 8.776073663736867 7.6619235612680034
0.005103636270682906 0.26260330186550396 8.870213031869087 12.355163329664187
0.006073292140121901 0.256293189082463 8.839756336759663 9.502463670715239
0.0052194637838800665 0.2593158006053964 8.923404613957214 10.45642987547763
0.005008195559608168 0.2521648449851839 8.74919597032098 8.317985988308738
0.005918215979774192 0.24778240128842366 9.357565310777144 6.6639052428483065
0.005288940925629801 0.26159918484546796 8.741575401403258 8.999128817845564
0.004523301839910703 0.27015265280587086 8.874526302305256 10.727892956359668
0.004692844369019259 0.2567885587815131 8.780823126051635 9.599746719225156
0.0037765824082658956 0.2599021888857024 8.70575690481577 8.89737624619937
0.004805122071507886 0.2559399482720276 8.825900853745676 9.516551034208177
0.0050406729090916045 0.2553652531331084 8.852990557158048 7.883715302596458
0.0050223356572471735 0.26865327353693713 8.864275855016446 13.256690360583644
0.005111665981045286 0.24784318551328155 8.749821812260022 7.047438452082101
0.0056084008763343735 0.2644677850026754 8.84279863597704 11.534612180871811
0.004817532843735046 0.2548188754584767 8.801869694713982 9.178865466719303
0.0044130512878963685 0.250356423088119 8.737747762194747 8.625717043782943
0.004433402569738797 0.2630720330204317 8.831665978795133 10.530385702980022
0.005198048879040925 0.25712174442354785 8.835773172274433 9.122766986867935
0.0037495253859562232 0.2584035107591576 8.671696182331646 7.374047964465555
0.00298733389037668 0.25907702754706163 8.704574506200672 7.4960339362948964
0.005907931505471451 0.26320618063523193 8.846041192033246 9.353114873078109
0.0039628767059121705 0.2597645082046267 8.794638578740631 10.044740653214227
0.00424305693025367 0.26559893172933824 8.921431062127747 12.19546818949356
0.0035656102351089877 0.262493852378357 8.82282713208942 9.32141270183859
0.0046759206408451956 0.2560216819777983 8.834357666594924 7.529309718049702
0.0040976081140197875 0.2546961335190526 8.905454247195525 10.726964831042363
0.0036709571219459727 0.26563516804745824 8.792380587182132 8.388538530376627
0.0050521286600119664 0.261423997904219 8.909053333649704 10.488738424303882
0.003943925414610349 0.2594671946296896 8.868616884488551 9.703588752091745
0.005057542608731631 0.25873739439683063 8.73245287064574 8.049650479107584
0.004322242105863891 0.25562157062019375 8.744801077150163 7.719216308989991
0.004908722309705509 0.25746630266376713 8.868212580407416 11.3420963160424
0.004704468751196587 0.2518693092023071 8.733155807458663 8.258504351130233
0.004859410552909875 0.25683260302956823 8.748222482696516 10.12547807384952
0.004297044908127369 0.2547332770361108 8.77126987428536 5.753147957274715
0.004428272999198665 0.2573283195440561 8.815702656509208 8.391672372199872
0.0038063161367827363 0.2508937109690198 8.742257078763156 5.782676514688807
0.004987598456146626 0.25990839628785845 8.931559872029208 11.100046857541845
0.0058433578210366766 0.24954965903925563 8.550593654446066 4.3305708674721375
0.004568953889304283 0.26061359354373936 8.858472814312586 8.954588980187946
0.005414395887915189 0.25900656392132193 8.812392695941876 9.488114124568222
0.005078313677480683 0.2537004398349142 8.815660373957002 7.1380043491029
0.00440169410524624 0.2652116216874908 8.896086814093897 10.885406168295598
0.006324881264041698 0.2527248538524286 8.816370569565933 5.559780232362911
0.0057773359414144704 0.2561557142084241 8.82619636747833 6.622911379589704
0.004258994695680166 0.25642294979795865 8.794412540925885 8.971577010864735
0.003721533853886908 0.25953164863100997 8.70213489474192 7.615195982912558
0.004232652870838356 0.25635663640836204 8.817285619489272 10.216085189256892
0.003921148315850488 0.24924202482597146 8.766152522978999 5.829166511193464
0.004856617928583685 0.2608710422481466 8.8963576789025 11.735625175203404
0.004728671032898606 0.2523658254830543 8.763596591776215 8.441529908789251
0.005249635274367681 0.2560987096561057 8.79290305254299 8.755083967415954
0.005063480132038875 0.24467271992636697 8.578832194309589 4.525403990675664
0.003633536575686066 0.25628531498650964 8.70435774079731 8.72976990158199
0.004598667224942317 0.2621590614367316 8.937087393487435 10.81975345733471
0.0038859378217254237 0.2558371328357891 8.863051164105775 8.785091333134407
0.004747347519573029 0.2551807597105912 8.795780045347936 9.794756825330833
0.004017160614016798 0.25473341718077447 8.763998899768222 7.797194702018852
0.00435734589056224 0.2590917772281105 8.745840380628845 9.929486228967868
0.0033724275077305892 0.2526824727598044 9.03513391228979 7.465914167375463
0.004740420871297772 0.2564912096927864 8.77910815731497 8.628365879435723
0.0048301247432615295 0.2510135274274311 8.63717794693742 6.129167243894322
0.004133220283861101 0.25825157357132356 8.679555785473212 8.320817822486058
0.0039494709748360895 0.26295397251969876 8.751657762604594 5.92636565566966
0.004582190630387192 0.26250140606455086 8.747363234936923 10.54763584252867
0.004241488630317909 0.25902562321500144 8.789884327947298 8.487469885192484
0.0052482165859606255 0.25573419955444865 8.857857558354915 8.660293746425154
0.003839502997677578 0.2622101272469035 9.235857533073828 12.709537217791716
0.00602592361189094 0.2617129951473186 8.85505958118289 11.300560851509037
0.004307790726258229 0.2586006509217347 8.79824023626643 9.738777724522668
0.0032283224213686297 0.25418976159827744 8.829731660164583 9.446510581372856
0.006080391023367277 0.2544111776383654 8.835202733718898 6.720437404450281
0.004939137688495746 0.25617227459125647 8.801397010287179 7.878486786351659
0.004748181349640534 0.25240494122680746 8.785000658940607 8.489610361774439
0.004390331758947819 0.2574284121916629 8.796392643758683 8.848560178130278
0.005388587795410439 0.255534422341835 8.846348309430928 6.55035200104294
0.004706937584414064 0.26325874341215094 8.687147386685602 5.794069661894376
0.004480003241748944 0.24846324848202417 9.019819223099564 8.749338880729251
0.005606027284436515 0.24904388856374848 8.687505496212763 7.140173278208207
0.005352753284318735 0.2579508853765343 8.655912908092773 7.554393867507642
0.004690915890034799 0.25967464071163116 8.769055426014898 9.414100655936538
0.005616649993629862 0.25043335406709544 8.835467405925879 9.982833623784273
0.003842108899028635 0.25939692891246957 8.647932846662162 8.37636974169261
0.0040814704848948224 0.2577454797572526 8.941946155955122 10.036341868940404
0.005169694096693786 0.2570823759200921 8.73408855311003 8.810662632428276
0.0055968861026237686 0.2534875607538605 8.638699923282266 5.015344994614788
0.005324762104542661 0.2623248633676639 8.976301764547099 12.064972332038892
0.0038049231579176624 0.2514473162292983 9.122307430162458 6.857403778276231
0.0056648126090775375 0.2586027594346373 8.76876322735249 9.682639238725704
0.005393373793369284 0.25063384426613544 8.796655128845812 8.417343572482842
0.004926259993751534 0.2596022097661861 8.764945021364873 11.705520902531608
0.004040093486815176 0.26814705716844145 8.835464422450851 11.881213098426645
0.004354544226669291 0.260655963165073 8.767126996078769 8.33450470355253
0.0051790664401569 0.24409998162448499 8.94152452344296 6.4627858849894935
0.004100050845266367 0.26200644366554315 8.813831068518638 10.040528183016427
0.003956524197480248 0.25982625025666306 8.805173836377982 9.987800831257433
0.004598034485999697 0.2557339279571228 8.747179175167467 7.954756065656013
0.004110355076227749 0.25593138603454757 8.701717676882296 7.296725302496085
0.0038184020952893552 0.25786048341608236 8.854877596930123 12.58839483746841
0.0039030608382214665 0.25091941905934934 8.69056934650364 8.447866513509076
0.004946568877156625 0.25231485864798064 8.851483833768796 9.459399545847901
0.003824153801010799 0.2562539927786056 8.760597083295398 7.7494955246172745
0.0039604254300736105 0.24681784469004509 8.693715840371215 5.074335852732075
0.005671016066678178 0.2597963383908054 8.816057129923326 10.10816183990882
0.004029142192258349 0.25302843295555055 9.313439941202082 13.278711765667513
0.005796711009636413 0.24438368792546006 8.797714963892671 5.309925635795905
0.004611071962638344 0.25136794151904296 8.855203250169078 7.963394776379506
0.005753802145220215 0.254331000820473 8.71638094524328 5.419882517864351
0.004546186752087923 0.26291968181395187 8.867179564711856 11.87375872764034
0.004304635224943102 0.25329116067561264 8.762957304028873 5.875842506967903
0.004355211863328158 0.2618749070697929 8.889497355992049 12.318638135525697
0.0052261451254346876 0.25407406550909495 8.711673404167586 7.902265928893595
0.0048411361470922275 0.2544177906297491 8.7326781008815 7.158869492887385
0.004732710019685107 0.2553611282610905 8.983750316965084 9.16926481491941
0.0045081143145295705 0.24980549304224964 8.64323498929391 6.101803493239057
0.003993247379503995 0.2579937477294434 8.787483542067376 7.754148283360538
0.0045488329300791795 0.26866228012045923 8.939274909981812 11.726630057630686
0.005697599538000283 0.2582395434119015 8.799865407287285 10.031919692185678
0.004699319699964937 0.2632895254868456 8.900102860028051 11.160086878359975
0.005359912744405265 0.257565259179671 8.851358993654912 10.960023752668722
0.006109742831283399 0.25318204534650846 8.778658645454785 9.322321815889788
0.004938570056339486 0.24247278394047733 8.606543558633566 6.158925890454581
0.005283525463044985 0.25950648752983907 8.943516640547312 10.727746265230095
0.0036055979306217597 0.2554918860316028 8.829373893355472 9.07924329711351
0.004003391454278305 0.25295094933459683 8.726101553808189 6.935415569058204
0.0043687914093908 0.2577980427213302 8.864848589428853 10.546587060965448
0.004246821920043456 0.2579468006369433 8.56347345726843 6.755572419505776
0.0050970510988438125 0.25279583847978193 8.909214809969766 8.540920988303798
0.004437991483589076 0.26652323176765136 8.874515422821199 8.996392191093163
0.0042128688190995805 0.2629046005415345 8.85059070945259 12.424289743313727
0.004101400000722663 0.25816136674922163 8.725841064872437 9.520404905803414
0.005218717905272288 0.26737331691435406 8.898419496578187 10.312770653554804
0.004950870455755693 0.26475745247742344 8.77137633280773 10.841556751563132
0.005998690475141621 0.246792768344397 9.09552655248469 8.643283737966492
0.004444069215654154 0.25623791397215345 8.877709268759869 9.606470776779434
0.005414556688272653 0.2536403497306 8.893108637196214 7.915451690059395
0.005322650289864073 0.2549406574658881 9.176998354393634 6.769403050261117
0.005708322378927661 0.23781917040745482 9.803911614621192 9.597962315111772
0.004907019824079467 0.2508820769340844 8.75310325429977 6.808987849233784
0.00420913629310922 0.25824585203715633 8.790632381734365 7.995048528183378
0.004733054413765016 0.26064546378680054 8.916020140825347 12.959018305784898
0.005393243103854172 0.2633123179804461 8.860217094031198 10.266284585393956
0.005511575330374847 0.252479079928129 8.82061238284528 9.275513163366346
0.0036613988833894685 0.2638820998117838 8.750778128628937 11.700758965253305
0.004765145749260946 0.266786700354277 8.811471401987834 11.40528940053289
0.005860879427375204 0.25985403144884445 8.854482612728173 10.173628653736527
0.005072834364375983 0.2468700454838212 8.654086940260074 5.40551335721393
0.00494289537580891 0.26194811681989505 8.77570275432395 8.305044485811141
0.004077661519192172 0.26258312680071216 8.820562417091821 9.864287023167918
0.004215684264068232 0.26172223977934417 8.844316760123288 11.046872120820613
0.0055568040697778626 0.2577887115565546 8.614453486625898 7.824157175724423
0.004206698491941526 0.2549095147284097 8.893438966139968 10.459172435667409
0.003861964646104662 0.27658204173566203 8.832148857296637 9.875675723071065
0.003504081513601563 0.25020538699493444 8.684281140889548 5.4638780469652115
0.004394854522106446 0.2520680893397801 8.909940993582223 7.968431868757554
0.006130910844339761 0.2652652033729094 8.68941275408395 10.87265246711139
0.004227533872568369 0.25174644860600437 8.811667142029854 8.376055888058298
0.005880957425994625 0.25494847259266906 8.777241610360917 8.72670594646478
0.005845286303176991 0.25727406043874534 8.81477298495038 9.46909898213401
0.0047322283004580055 0.25660761257073017 8.859321348697673 7.309530788513429
0.0028583098282868803 0.2598455855515157 8.835875746183426 7.674446872559144
0.004841687241619074 0.25556097497918473 8.847924240789178 9.943803722633879
0.0034086116154623267 0.26581401995284293 8.763742695304582 9.600387893191481
0.005003713795185242 0.2643491812063248 8.858321062017563 12.90013279634207
0.00455974769574294 0.2503957735616209 8.767173253526236 6.098881522708263
0.003668818525748161 0.25440666948699164 8.742386050856702 9.235056562796025
0.0042572554071748136 0.26052381207401853 8.713077370986838 8.091326172016055
0.00525193697145863 0.25615987471627777 8.797786939328702 8.061975934620435
0.005559060155466396 0.2537859392883345 8.90698787952036 10.934648753411363
0.0051099593152453895 0.25700678822050216 8.92552481367223 13.275696782322154
0.005326172284435214 0.25502909158210163 8.803042855035415 10.01566882663536
0.003213176568351305 0.2615429206639641 8.8730653262675 11.67272945110782
0.004192040506188102 0.2603503441097893 8.856711426434696 10.073528759063041
0.005093495792360966 0.2526222412716791 8.793933525686942 7.135115629926639
0.004610364883605309 0.2586800207709977 8.805337695854725 8.747951084129065
0.004531655465041904 0.24889278354748523 9.457214137303875 8.887749716638716
0.003923805901482379 0.26035381875096897 8.778573596795287 7.970585271202679
0.005085907443878701 0.2581769212977111 8.744830003833716 9.737202396639425
0.004330254889308396 0.2538316979060127 8.76591155657595 8.990785627049567
0.003634694824954698 0.2557626303045981 8.79351753594154 10.227298776473475
0.00446296097177069 0.24585102527189384 8.6447772318243 6.101029708748209
0.00422344930904779 0.260451096215947 8.902029813667134 13.582763352005621
0.004805717334391323 0.2535691077849661 8.752703134633606 10.36098327336918
0.004714530530995044 0.2621634107771206 8.931549317875469 13.78407437510261
0.00507796921363303 0.25093213294031513 8.732045687101852 5.24659238783746
0.004849459289018779 0.25351279678322214 8.771952510512087 8.985609740974974
0.004712139294109508 0.267332464512852 8.624507842324455 10.260568163568704
0.005016421398599692 0.26086091385161314 8.784577854248598 8.451172865922965
0.004750966039651762 0.2538782143902565 8.767395983776844 8.886225034838755
0.004896961389003875 0.25373819148781496 8.855294561809966 7.309071967985671
0.005856922310216258 0.26324550829655713 8.454356969595162 9.162548335618276
0.00461096962404851 0.26017362769792274 8.825145218661428 10.858766040361644
0.0034842415030695616 0.26301568175649526 8.82538549901923 10.869375089050532
0.005764402687007073 0.2593237546126428 8.84497122166766 8.591214716230661
0.005521509008727267 0.25874053110653683 8.625835700775763 8.237583449265177
0.004296727762330778 0.26137735953798547 8.810056146368566 8.058364137968415
0.004015778255649991 0.27098924210698017 8.854030815783567 10.1982409804908
0.0045635351952206535 0.25533118134008226 8.75914209529307 7.766351867419649
0.005228353482203967 0.25468835495580033 8.749212792619643 7.392390276045601
0.005797679414446593 0.2502502875906173 8.727140550968173 7.516565756801563
0.004198752223509282 0.26020161515073503 8.676856155577378 6.990406790706219
0.005340838867624536 0.25349916526990235 8.843004890970155 6.916605757411295
0.0035896896918625586 0.2487617546394646 8.698155756972511 7.037498821285733
0.005743418409383807 0.24320826346748303 8.700436721441019 6.294414538173486
0.003998036257090079 0.26015795091485716 8.823783060147871 11.2181829396188
0.004290745416462759 0.2596626071928748 8.85098712722453 9.270671741735907
0.004605862431833051 0.2522655015103338 8.784958282242991 6.852951974115268
0.00454238213968645 0.2637305091797689 8.84165227254863 10.816346731732208
0.005148724463800809 0.24089329380036184 9.391310650302902 4.871864613125148
0.004289488189224956 0.2566518330051274 8.827070397620648 8.756297050948895
0.005440035709658818 0.254315561529589 8.826431203337835 9.02649113019274
0.0037661221806323973 0.2566750242717899 8.735269772775435 7.549127784493885
0.005485218166151905 0.25844119693977974 8.823024528478957 7.831059025615255
0.0064940520462695 0.2529270412521324 8.587416709003094 6.636814991597788
0.004783340433130254 0.25804949645375475 8.73517680775478 8.833235390491373
0.004459055173672544 0.2564199703761336 8.82183278014072 7.010316339323753
0.0038663338286250345 0.2647132478856079 8.878040914730104 11.218936435562565
0.005251762908900463 0.2575561283159937 8.74678185129522 7.393206503723503
0.0036056037135166544 0.26154441328457056 8.79079338069602 10.482177530355465
0.0057014232675574135 0.2510271810212864 8.90146716971216 9.39886698934543
0.003998866428744325 0.2591687003220162 8.681879745914664 7.9069760816535615
0.0036598184559205925 0.26826578515759014 8.989094348244034 13.288819745236479
0.003615671280246682 0.2732636684989713 8.913026923675428 11.656345356843724
0.0059067602547478925 0.25173128960462055 8.646788911079197 7.3214861865669345
0.004506089798987293 0.2565351839283303 8.853563658090994 7.650389440374322
0.004365585866613031 0.25451197227887346 8.758370802078705 8.172975496379363
0.0038211541096597624 0.25881301560074044 8.7749486334802 9.766699442336115
0.005023016523561156 0.25534908206472695 9.110287860703538 7.639472832469571
0.004263113227416822 0.2605690428516104 8.787191767316566 8.763649011174923
0.0036228697285876302 0.2583600556410841 8.736920355964536 5.893723539618712
0.004689974908915112 0.2575313513080434 8.64675287321222 7.397340257900909
