0.004962869212834331 0.2604185927708563 10.567187095760087 12.998363928793855
0.0025832640594924054 0.2728715920330842 6.957515596521034 5.310582040932319
0.002772048903217759 0.28470620138324565 7.9327485084259886 14.61776082335869
0.004915332542250668 0.2643085934286764 8.209790561628555 8.532931877380287
0.0019864814368604614 0.28335820529582934 6.650385643307999 4.359078237462898
0.0015397357227388058 0.2922989101656589 6.975122778648708 7.988614249457487
0.0038977789170982916 0.2774928630262504 8.727127205478563 13.622160935147015
0.003366351642525735 0.2739333549121812 7.162063457234998 4.875987959339216
0.002147106960781344 0.29553886141604646 6.238040369711654 4.4958583539601324
0.004888328478468014 0.25237893402792577 8.831769192794853 8.453790003765642
0.002789868874387759 0.2843890454170226 7.330017151268568 7.410607719678675
0.0031796287455118514 0.27260345494430405 7.459445848539092 7.5857285376347985
0.0025759255846526693 0.27939618302869795 8.081388411297057 11.213436679115997
0.0025574503423416235 0.28455581309356237 7.36043290981131 9.71510906735501
0.0023066800823523495 0.2855756706624939 6.704044092305773 5.490936041158442
0.0045188183204942665 0.2589543979708758 8.884616862837797 8.697218047749619
0.00326609199718107 0.27349999734543073 9.102965290190646 13.919444563238354
0.0029544740920655274 0.2781298893938411 7.272800872073136 6.252944237327118
0.00298221257899908 0.26975720574857065 8.378058561751054 9.721216227713978
0.0029594832804427282 0.2854689874970253 6.944055176715771 6.858298944741689
0.0038503891379249 0.2735812887779201 8.682926585033426 13.19612465131078
0.0038502964807101948 0.26013695907697 8.481756777302927 8.962937184254832
0.00400510643882915 0.2673430943603883 7.733206980192034 4.971674133915824
0.002688289640591653 0.26734616073213235 7.60353487133106 6.569516303748989
0.0020497298013400964 0.28508452810884344 7.096144868954223 7.824737839193693
0.0025236054652052844 0.2836896931609363 7.9195696475860755 11.601904013673916
0.0032630739917651154 0.2684609186326433 7.459315889386522 6.124627804701452
0.0020289659235908936 0.28579381292710504 6.555819457811355 5.681610525132792
0.003337753502655981 0.2708594941589809 9.000241689026485 14.689180738837209
0.00370961025922097 0.273747168127894 8.4375415676522 10.684301352688914
0.002008193122577278 0.2982192951371294 5.841778436063854 2.444431571933131
0.003932890233703793 0.2757186581959864 7.026619285086948 4.342392375550876
0.0029652639045787813 0.01000007781608725 19.846353405835536 14.999999322812712
0.0020276371779342503 0.27142206723901774 7.815014873532539 9.073374213549538
0.003162891614518032 0.2833250665105591 8.24456043179491 12.035605222016923
0.0022411602966488785 0.28923548161227286 6.9269136683799815 6.676150000046871
0.002196649364897795 0.29461632225737333 6.332217890672711 5.188314046991316
0.003740130437711035 0.2607510898376636 8.704629414951343 7.474036576654154
0.0033781388956821783 0.2622472190139159 8.273612912429108 8.981396053005144
0.0024911656933905317 0.2848976466059928 7.332303313296383 8.042699696639117
0.002872545095012896 0.2818343683723138 7.739201776672191 8.784189076736183
0.0024864176737653017 0.2788023094972789 8.333956014070601 11.401950671689443
0.001970028499173479 0.28029457842349514 7.362939893804423 8.390359821846396
0.0044284545650581115 0.26470865161131896 9.75774034685999 13.65413161385961
0.001911121340635878 0.3016237480461257 5.865147208928332 4.261251686202734
0.0015099862717674203 0.2821054622028589 6.27226858081758 1.502889308332362
0.0029044398910231515 0.28004314123924723 8.326738139487485 11.284493378724104
0.0053813990680564045 0.2495406967335262 9.023771636988412 5.854099363100749
0.0017185128267720464 0.2978455278340987 5.534444309240029 1.0939874132474339
0.0024266455678588384 0.27949599075733944 6.684745603838918 4.179006411376182
0.002517039788893042 0.2808405268282269 6.425468658148236 3.1454413873441727
0.003316521022544705 0.2775051195420467 7.375296754837856 7.35680359132549
0.003668759325857483 0.2738125716532974 8.979877645328372 14.622379894205388
0.004547445487070071 0.25573711669721066 9.241470314257002 10.105861835232457
0.004401160532858212 0.2652255061751465 8.312852914304825 8.359539691575472
0.0025661998501031263 0.2915000548816966 6.773948414558278 8.09938837198514
0.002615120350261279 0.28915916513031803 6.841287073085205 7.095333365458604
0.0020625510228730786 0.3058087945262421 7.558611667451393 12.823032619175113
0.001946514646054292 0.29169240975496535 5.735599926376663 1.2092646263310902
0.004059712626992088 0.2702481107291572 8.382935788040502 11.850002484282149
0.0009675833369582037 0.36047251606836617 4.3880459280266315 3.8648437752861495
0.0037080788605617955 0.2602943154455707 9.302353310852702 9.696278311063548
0.0025097790117133444 0.2803772936170831 7.96068687383106 8.067275145039458
0.0044305275448897575 0.2601081774365708 8.374683894686392 7.501838384215234
0.0031743065044100667 0.2707001785134755 6.984020689371318 4.283361192845427
0.0038752465446559316 0.2660925180398872 9.0182290997435 13.305090373720624
0.0031525298692376643 0.2704823491749273 8.55476714790877 11.249301730159093
0.0030468850444815157 0.2830290768871029 7.394192300934284 8.542202005783153
0.0005 0.010179793108513024 18.93508584231708 15.0
0.0046095005062612385 0.2581577695647327 8.80051164539094 9.834919356135893
0.002754774045488141 0.2946407491791798 7.228465807427689 11.2498973337936
0.002407789392204521 0.28986602993141997 7.510452945407196 12.812418206168271
0.0029045185959499626 0.2865926779527671 7.503334549660736 9.898565811599598
0.005001183184738811 0.26063145517241637 7.979359478169808 5.993659880363502
0.0022272754676772575 0.3059503587243071 6.656189055646733 9.666461607233199
0.0023788496219104087 0.28064609840028476 6.671309699800911 4.995581702885335
0.0031507567865132796 0.2765363079162648 7.437157959071609 7.696294361217526
0.004642243890878429 0.25673606175040053 8.335206171176054 8.213210490720336
0.0037455372933017546 0.2729168747383285 7.617292916409715 6.127257065902853
0.004829005017447546 0.2578739332139517 9.088555523496613 8.328947075423113
0.0020327020883535636 0.30096326264558737 7.3182844567572305 10.91952899255335
0.0016142249928100811 0.2794609970525387 6.1005438667816865 1.0
0.0028312758268943775 0.28324218169967297 7.234731527244172 8.322642640996959
0.002396253041317822 0.2938273869367458 6.678052574430118 8.166352935098855
0.005559240851844123 0.25913229041816943 10.489884811427187 15.0
0.0016831572924601405 0.3022578860276923 6.378665233899179 5.575916909216122
0.0030870678348931544 0.2858778357141213 6.72091720311074 5.4533475302397765
0.0028021575319489905 0.28190514302851344 7.386793580592771 8.472481942308551
0.0016576553951490008 0.3015973639474022 6.665755832177194 7.501306383191377
0.003700361073005751 0.2662250420687762 8.314587350377723 8.238890864522052
0.0029889319075723673 0.26822288375380343 7.349227264201416 5.487913873813817
0.0010824235787559163 0.33263569884769006 5.015915281967855 3.524064323436791
0.002155118759536639 0.28846608715836863 6.387354772579153 3.369539584582614
0.0038258028617034557 0.25477485194118055 9.234627608714078 10.688997194376338
0.0034096442526714036 0.2702066316117082 7.118051017552755 2.647448355176331
0.001426372029164782 0.310908271293005 5.3165032975825595 1.0
0.003334738433159427 0.2747988003513321 8.651718720247752 11.939722242780682
0.0025196340889448005 0.2768027652216384 7.135611581472713 7.228273859281614
0.0032497058320512225 0.26752575774300946 7.587253412324948 5.452755635037468
0.0034403026618224125 0.27873720278897807 7.448176711063952 8.23953581557347
0.0038919112525391715 0.2631268715527282 9.257834801918683 10.463736788788454
0.0024776041405365967 0.30198854183126844 6.940061303394868 9.309575909936228
0.0028816385636659205 0.27061734456169706 6.515175159103835 1.984077823715852
0.0025291867714471923 0.2807051448098521 7.516910485142811 7.464343295377307
0.002615169157618963 0.29135422461203153 6.9377811215995315 8.100698189621134
0.0019356684348137087 0.2899746290649974 7.462286812166312 10.752373745664848
0.004941000218175173 0.27068170640136835 8.234861899001512 10.203705540541854
0.0043559789586673425 0.26180831290941364 8.131623714283807 7.340303369328397
0.004583861036666763 0.2682644165325838 7.604869044598729 5.479996758247433
0.00516792362207578 0.2606732626606839 9.025537320482087 12.86016459762951
0.0014416385270521036 0.3059195216221532 6.220505051383616 6.8758791818667335
0.0013026653021223026 0.3026468527491971 5.397948693726551 1.0
0.0028676668851083313 0.2768794943249261 6.693727103464456 2.6872615554369537
0.0010523497999031647 0.3493474050951094 5.239243789741328 8.091797390083762
0.0027893473910082776 0.27147823091608236 7.842290025711298 7.648732163425057
0.0028362903008631807 0.2852343861152685 6.889410432508928 7.206201541080656
0.0021937230779582794 0.28367895762039463 6.661335551121289 4.395020920793668
0.0016221415832751158 0.3008001767481394 5.86292353450751 2.879204552637548
0.0027881443258079607 0.28018584580007355 6.539857292538333 2.4556662028683185
0.0051319798637411915 0.25009922162 9.662191548084865 11.543588961397734
0.004177122301118916 0.2598954760326453 8.235128914473652 8.085182269115416
0.003333057248214602 0.27221783730705074 8.961090294580224 11.967225966372002
0.0012747262627501319 0.3020032556915416 6.54721360601819 7.507842443664326
0.00443304774716446 0.2673763042693845 8.241607638846155 7.949156171017347
0.002456349970704521 0.2806570729252422 7.202226077801321 5.668792812448617
0.0025618141381321125 0.27930396177294603 8.146232294358855 12.884853427054553
0.0035637411936375028 0.2595122677542637 8.920472341609432 7.56185282713408
0.002543224234915669 0.2862113544301841 6.424762237304518 3.0646969708793534
0.0015408221044964643 0.3016334900388131 6.350372486887488 7.23219572381943
0.0035421449284441945 0.2667247324174683 7.35382651696592 4.399181644958193
0.004633644782750408 0.2616973719711613 7.854667879726385 4.823070191856769
0.0025392075770537463 0.28954778874275144 7.227019252120787 10.471304958904598
0.003068590289670552 0.2838044636209839 7.673689749743865 9.811927539792759
0.003968111308481997 0.27891135242650034 7.531029241882502 7.80353299101823
0.004238325736327953 0.2622379022950777 8.139686006449388 7.329913246714767
0.0024644507338986796 0.27149972164232594 6.443568126022391 3.0397579770817647
0.0044428460272953356 0.255321543849757 8.831869557938573 8.499799110102456
0.0005 0.010080267693589828 19.193888720385264 15.0
0.007219534896183202 0.24280980184720913 10.549990404355972 10.932709993090995
0.0046855635163748 0.2629045949539014 8.004175363431857 6.0485750054641
0.0024971350242463082 0.27779413663467756 6.455688236077146 3.582472847877006
0.0030371835557218446 0.27955548705817956 7.943129414192083 10.763454100064592
0.003304467248945193 0.2779238206322283 7.200862566272551 5.964185275398439
0.002628744798982496 0.2726681226452725 8.160468622255468 10.590255661747825
0.00591756492872926 0.2551148874293546 10.525252684975749 13.375287705945123
0.0030452612905453105 0.2781278317043192 7.921772743755049 9.319523561752344
0.001123740294364202 0.3101108113524025 5.269229838151489 1.460358911754513
0.0020957877869220622 0.2984167198122315 7.797002421321247 13.445712902394082
0.002456487835059599 0.2806811137764307 6.6530019498727295 3.941838068569444
0.0026338973702132664 0.27251269085466867 8.025344328921372 10.33956183942216
0.004456432827846035 0.2681543851886311 8.60577624506185 10.178638141273074
0.002970052170294138 0.2824247784769732 7.080047156596986 7.213697085636663
0.0040290841066413716 0.26695230385529967 8.987697256685426 13.106966161027742
0.004345835042127158 0.27181948587534954 8.659444871532347 10.576371070263336
0.0042626224428350895 0.2563958012534885 8.823193110620128 7.120227756279329
0.0015643415005538513 0.3258468894687656 6.412379596566745 10.402534231505346
0.004155025930305674 0.2735406453688488 8.318654654667224 11.578193643246571
0.001426003300579961 0.011140076881327898 19.42760927359239 15.0
0.0021316716150295086 0.291040599184486 6.326808109621548 4.706648003364618
0.0018771682102563165 0.2904300448327758 6.012770525593059 2.5038336392217895
0.0043069784696167885 0.25812707269353297 8.379416541128668 7.490801650201694
0.0030202902380510824 0.27406966501175223 7.014243396584737 3.121270046933395
0.002043520894484016 0.28440557351971785 6.148084418365223 1.430708568156465
0.0058699637151832865 0.263869193958191 9.932735238685504 14.365568374857498
0.0020119783185999617 0.28187366021816407 6.448612149729133 3.076234753449449
0.0029428292358285174 0.27920311804161313 8.059403503646745 12.71333872626675
0.002930572578439552 0.2743845676000476 6.607522264294623 3.707972239696221
0.0036848571297184076 0.2718399552041749 8.058398696984707 10.732475587985459
0.005891149175641414 0.25704819532193157 9.940157560728267 12.820056889985116
0.003307488652510973 0.28388135076193777 7.772513598613276 11.675935911569045
0.005176790696571962 0.27533370123622813 9.75456205261371 14.204176412143543
0.0032522879470198176 0.27664354030266813 6.574881489799792 2.21814743793737
0.002362693403984409 0.28831317025810854 7.2332622419242 9.50910010057952
0.0020055574780078887 0.28836399138189706 7.254363270670583 8.7688274766321
0.0031343435024404516 0.2752966106497694 7.424529403190447 7.048440277857567
0.0035422968055324458 0.26549235441544183 8.441651404744658 10.955303027775118
0.003442159067779453 0.253310099475067 7.587310571928339 4.084848249362006
0.003016949972333007 0.2753768050297194 8.526439287987596 13.008525770597311
0.0018926689168467202 0.29360108838751 6.552010807761862 7.233523820995936
0.002641516014222531 0.28759672516378065 6.49638815135976 3.1777006384102515
0.003932742252787505 0.26476175338126917 8.713683977554023 10.63758402133271
0.004133744032065172 0.26327283934660073 9.302710368389688 12.253059653900435
0.0028282692757877702 0.27172680483461564 7.615883853055257 6.257062306446239
0.003303392858530947 0.28351776487834834 8.688051840527377 13.525463569272691
0.0023177135800077444 0.2913356866716774 6.619484346355139 4.990925177617962
0.0032793639637323123 0.2708511688853861 8.239796726319259 9.798596897424646
0.001936814003843176 0.29927599614887057 6.543628793876136 8.383147231834347
0.004281181866262837 0.27382105718124916 8.500687501200561 11.91096408885964
0.0025084264258931287 0.2876124388872817 6.95210599568696 8.698045414173388
0.0031525463896320684 0.2699326620878917 6.927580611344309 4.299402253972758
0.004919953200360114 0.24537047668432754 9.381972755862298 9.806843944933268
0.0017321302849195577 0.3087541088107616 6.150398824454063 6.487277877487351
0.00105200835134602 0.29536438843781265 5.929531213484095 1.0
0.0026115726706322367 0.282876629285276 7.805956451895754 10.372770865892681
0.002054057871922244 0.29117230267740024 6.797801747072924 7.29241487862308
0.00490229834955911 0.2612688050204286 8.493213698063787 10.336050160051503
0.0019498859018713581 0.298236585202189 6.089455217005052 3.935223746369929
0.001768943398768015 0.3055070355869164 6.158712362942397 5.129711979712331
0.0030550961426898037 0.26956168788496293 8.108715232045636 9.513362991316361
0.004579307614633685 0.2527873744762906 8.809271771664957 8.235416064283635
0.00393024595063352 0.2678217202594475 7.87775415076512 8.312982425426865
0.0042988929371935575 0.24635103858235652 8.147101942120159 5.097667736530892
0.002363494268554168 0.2817655629782987 7.974947357591578 11.430943723528193
0.002386865290387317 0.28027853498121447 6.158566933441632 2.3892231921866136
0.004985052929375011 0.2673608742083632 9.049996978878303 12.787655352993553
0.002039241337566343 0.2801591720244915 7.840351327421663 12.327634762686184
0.001885348362708056 0.27941544500239546 6.414246818736892 2.23755917449939
0.004089469378515935 0.28348202142555323 7.7575770288712205 10.096627264121485
0.003928624647604952 0.2589251058472839 8.921530825024352 10.348020592808144
0.0037360854925848697 0.2627339717207817 8.348394003942262 9.110094001167266
0.0040868042183179335 0.26568371697964765 8.917519609226813 11.259106538115669
0.0031232943269464113 0.2798763400917944 8.466954306242055 12.12921970215086
0.003534760112045432 0.2614502985398771 7.938928331981284 5.766411341680179
0.0033701086062986442 0.2671428763056034 7.735065624992192 6.719513626740951
0.004391843857493618 0.2631534701904138 8.898081316167112 11.449397412712171
0.005360292566799367 0.24714734385966164 10.56608391383878 13.182684326539327
0.00288376884913791 0.2719929494443819 7.560520490184384 7.515311758626845
0.002670867649848717 0.26802689753530484 7.2228430743191865 4.166962962404843
0.0014390849685406819 0.3015395933857661 5.745921738258179 2.3831065262488327
0.005204729544136393 0.26011003071158867 9.84023858351079 14.391986117529825
0.0028555889047098344 0.28093062848585393 8.033987708632853 11.217937587006116
0.004179829871746599 0.25671190008823874 8.744177578292096 8.590225929414865
0.0034551201857443924 0.2711045728020236 6.805350957411559 3.018092497059844
0.004768757195807843 0.2550907307326472 9.498841293478824 11.293439790281488
0.005063491253819629 0.25673377153793286 10.115069465826293 14.987101054049122
0.0006939725367459239 0.010755566435025288 18.845926675345034 15.0
0.003086350337682209 0.2727339817054746 7.896310546704462 7.648505193156755
0.0028288881205441444 0.28230143797960183 6.543496529174786 2.3539021961191207
0.004073708562227988 0.2588947560584415 8.609677816356974 8.640224160096583
0.0018999219504052456 0.2977608675339144 6.680588377635305 7.274779524678808
0.0011891699023806627 0.30818117462281636 5.092893688925473 1.0
0.0031990748083090847 0.29175391913222914 7.04491272025945 7.445260983743373
0.0019124148441962982 0.2927990531832684 6.049870657109164 2.4604977309824516
0.0028445849260334078 0.2794228257531405 8.124795587137177 12.244236501156607
0.004809425259793054 0.2537419863192659 8.945670520228463 10.64438826366155
0.002672432607282929 0.2729736121702103 6.984383827813055 3.277249952414441
0.0033347949012147004 0.27839926683352445 7.990497359671547 12.032256550441602
0.001747452998686676 0.3064996909789135 6.808725711934895 9.532045958998467
0.00296130184384976 0.2732927088579744 8.146298462575823 11.635740166032258
0.0030390887502723097 0.2712321802994129 8.075661172414332 9.404749825111596
0.003211834931179686 0.2780126609710142 8.223652523130863 10.856353910210071
0.002147527050718396 0.29187809467040315 6.86995466173276 9.50494189240283
0.0017004244662027243 0.3065072458271293 7.678232584816612 14.999860527651313
0.0032474441553272 0.27195649608330574 8.080056001902404 11.945883145748741
0.0033326643826347164 0.27012441215790495 8.749576411619925 10.444377043994038
0.004728143311420522 0.2632826870450754 8.918485523933727 9.4451304165212
0.0016801891417898523 0.3055528443083355 6.469365887723003 10.166575355564431
0.0024796563026713934 0.27891078722182405 6.536093139866944 3.1452173497474245
0.0031301231212416255 0.27011200846903605 7.257543021658998 4.990835301337683
0.003960927066446802 0.2711972355310289 9.056967970785651 13.661583835993019
0.0030380820506310424 0.2937991497814979 7.515807602301255 11.163702245419909
0.005481340701414557 0.25919556220738105 8.391823488224246 7.074625003237035
0.0027093615465873075 0.2884573763503506 7.505936437823008 10.382297162095345
0.0035987055435957468 0.27359036965323147 7.740743766505011 7.342632067556808
0.007407952215154225 0.2483980519720026 9.697771771650268 10.782437999022322
0.0026388532635613143 0.265852089571295 7.564094271247971 3.863255075521212
0.002162558265201886 0.2678599989530933 8.074447346460214 8.545607028062337
0.004772635705158735 0.26320660155056597 9.013208739624467 9.203317277930909
0.004145709232179784 0.2612371554683841 8.936068802034988 8.970525630658813
0.00280994370643454 0.28109478586872627 7.522411179667628 7.257610297653803
0.004644555487291499 0.2590612210091011 9.461886596329961 11.901427488052267
0.002479786925766749 0.2857585141542385 8.065497591582771 12.207853791604306
0.0034861922455417345 0.25512950078796537 8.06536152710774 5.619746422325649
0.0027051942375259227 0.28461423334549885 7.559001130823777 8.994389064664063
0.003546161724063344 0.27184269488237855 7.646470371811782 6.723319966154769
0.002840704413736867 0.2630888550657149 7.881577026057979 6.461042597018563
0.0017964243021038597 0.28728421247988933 5.584776563469203 1.1768564327642164
0.002764984978344644 0.2810386360935714 7.6852858579413486 10.686084593420667
0.0031100199522051688 0.264852276691259 7.5244419049230515 4.163461369205182
0.0024458507347831573 0.28218615877429887 8.054208235235484 12.00647410150625
0.0044776404920739915 0.2675897531604514 8.912129111033298 10.35635580231188
0.004152051602447079 0.2648051225831042 8.371995890721154 10.485663609638149
0.0025347712394764035 0.29114081508153256 7.768131870232322 12.010913787842124
0.0025215907595947515 0.2988491209308113 7.0125417665687255 10.201128573951324
0.004544605138698979 0.25660598529188905 7.543588142230883 3.766923845833121
0.002200543363053038 0.2770123068725644 7.311054660808262 5.772122848622256
0.0020644200778866654 0.294466764243445 6.2185284914680965 3.549864900242116
0.003471010501254545 0.2540899328891655 7.976126073810919 4.073740714341967
0.0028449860669275944 0.3056565366135743 7.427351708876032 14.385342137529754
0.0029529706969544565 0.26783419496664673 6.59476254682451 1.5591618678820378
0.004078927892987758 0.2567017051487186 7.494158633495623 3.275894217430098
0.002153035978504411 0.2940965443604243 7.353455925766399 7.543858317973701
0.002337300646306324 0.2834408713604959 6.81368280925141 4.097601458827448
0.0035310926473574927 0.2745769606657191 8.364248665350463 9.846331789484735
0.0015120401917545932 0.30108693705431677 5.561040482761248 2.347102421336933
0.0032949633608644665 0.26755827266829 8.03023873945029 7.897483167911319
0.0024070361779632474 0.010485323549032755 18.753106364134922 14.999907719637793
0.004429554348761701 0.26645327422646026 7.8536586776517225 6.1765847997443615
0.0026750721578443844 0.2865222721594516 7.5024031538126135 9.019889035138267
0.003693240903291455 0.2781661296440068 8.39872375875531 11.791292889209934
0.003485339564200185 0.276011751608648 8.375430925777842 12.710412841509731
0.0024853726822811812 0.28847842967056203 8.34078653066519 13.532553355871896
0.0027027873968158687 0.2695702059325763 7.624771165631218 6.77896589492727
0.0014516509293445805 0.33936101058050183 5.080667995001641 5.447208676156671
0.0013388472389690188 0.31539463349741037 5.058292990449394 1.289590637926608
0.0024814380782179233 0.28016385101130226 7.444977090012042 9.17489750704268
0.0028835255273367034 0.28817123590159976 6.769107166383518 7.010967371508551
0.0029985308589863457 0.2711617843786043 7.968644547260963 8.948928552243537
0.0015082460929748218 0.3000045659292744 5.516000959307678 1.0
0.0033239073817522397 0.27063589394379195 7.364101854776294 5.2195336122427705
0.0037077071253260965 0.27594312624764117 7.319021619749666 5.2542222698379195
0.00317696691317929 0.2681301694507404 8.073138408519103 9.859217375321176
0.0031946093661718703 0.273381059883536 8.04887702987413 8.330608593195846
0.002734121910275001 0.29103513600302 7.319570577622384 9.202288839753708
0.004248486026234689 0.2617424744640213 8.551215039318848 8.349026533418753
0.0022952506106676297 0.28243472821696425 6.044502294294582 1.0
0.004457024535147218 0.2590464947997302 9.689965718180222 10.677910636751072
0.003679362973708694 0.2722068005494779 8.299044759368368 9.781873846901698
0.002727294705152862 0.28405164214295364 7.59333956057554 9.924927044287799
0.0029365412760628566 0.2829837228026121 7.349295529794939 7.680304484680906
0.0030608090072056864 0.2794134392036586 6.76584348259817 4.106737622571698
0.0010422597512365775 0.33647533691015463 5.349470793443076 6.543908109362842
0.0038090925194997176 0.2779487408425121 8.053922456216164 11.621625918377132
0.0044063717256350885 0.24951088382705533 8.233524434070448 5.15466792497794
0.0043569597328245255 0.2589376577155862 9.66809650668364 13.02166960749567
0.005032344040102774 0.2555009880890199 8.486932911605182 6.15767870605478
0.003988958813852113 0.26766963228960083 8.46431001956117 9.489954673381282
0.002761309380484027 0.2767413337577579 8.329547199701912 13.957042420954835
0.0033133410606106858 0.27210076414271667 7.632809203789675 6.824540967857972
0.0032374117118015035 0.2759203027570051 7.584338635637994 8.948505387893835
0.004014813487912522 0.2738086312886612 8.292235850707803 8.34374463622326
0.0017379589962223277 0.29843058253902566 5.53276372525881 1.0287802339620526
0.0036285467618770817 0.26674535575481517 7.631928703123862 6.028168607481275
0.003004492474687473 0.28178045916041305 7.7664216641727535 9.64677132416031
0.0036385057268130817 0.28067883550035455 8.7680298822794 13.5601959956525
0.002249115154102629 0.28421397034230333 7.248481865720602 8.099964654216226
0.00246782634080634 0.2707168595027113 6.532257648613408 1.53283422133463
0.0036641044574786986 0.26107432929295116 8.426910620632727 8.119143486551549
0.0021649011003284247 0.2944918161349809 6.429437035978406 5.1666981232469125
0.0031789627454356885 0.2770265762316757 7.679026684285439 9.045821529203314
0.0034959045204513914 0.2803404874979001 8.43489931385245 13.87903606477451
0.0026332729204193257 0.2695621010282835 7.056428288906903 3.0549522960591426
0.004474239252908473 0.2602393867725137 8.678221070079845 7.968539368961213
0.004084077652448742 0.2645288704806251 8.63948127044701 11.661302802212704
0.004250176797359343 0.2602136280676556 8.797841590017848 10.753834637150856
0.002002839260322105 0.2898168910297172 7.3435194280255 11.600592757838804
0.0029140237299342896 0.2834141882448944 8.237636864119837 13.175050569633243
0.002783073126558241 0.28038606459154414 7.862624733310237 11.528660073049963
0.004319097124037175 0.26447994604400804 9.569993774587394 13.836874074335231
0.0041398311291091575 0.26710135999750173 8.599739283781513 12.417557749513811
0.002717849997607028 0.29144901750238783 7.415210638038561 10.977493688898003
0.0023642650783571566 0.27973707747136645 7.018932743885578 5.390643699478195
0.0029452726087621527 0.27051319660548634 8.120892559106712 9.085328504452571
0.0032712741192303884 0.27038790644077704 6.779215351586236 2.1879877467022446
0.002287528534914395 0.2875620382124061 7.311174978418913 10.238231813209065
0.004364901215407878 0.26117707082668806 8.200632167522341 5.450407265759008
0.002958645909838907 0.27023089593652116 7.3487169588980485 5.1452778563338
0.003098718869138511 0.27746695758855955 9.060904789238403 14.042986021558525
0.0023331964291923037 0.2870474254011769 6.27373479797434 2.7296263754870935
0.004364552071678955 0.2675878962371483 9.758451055293532 14.428548457940982
0.001911041088780283 0.29188089486233815 6.050778368034181 2.1722783293619035
0.0028123733142774838 0.2722929851373904 7.746337069878569 8.666658191864574
0.003969829635903501 0.24948395971490445 8.932344712242548 7.811647770795782
0.0024290703482796223 0.2774543995659384 7.2588396339764545 5.932644679952443
0.002985363924878904 0.2817485079195292 8.75562693872307 13.755127074145438
0.0020497791543236275 0.29708080164861506 6.66744561590498 8.642984013791853
0.0018389374745750881 0.3024956078039496 6.541213194640889 7.545689145633638
0.004397677033402504 0.26588215583147456 8.869905089162316 11.064688354887258
0.00254585137174285 0.2733452696935329 6.99807033243067 4.664707590262059
0.0021526453859798383 0.29056429475267376 5.912345663934271 3.412993366001767
0.0024665358367500943 0.28674422602010874 7.84570653790704 13.066765599971937
0.002862060762860826 0.2627362726867247 7.131801990611295 3.72677631822508
0.0028403263962470966 0.2806907232217961 6.944984590791004 5.669009640079784
0.002832497877374604 0.2780513816788637 8.547824390954721 12.709590087283264
0.004254183575710938 0.2615590266575645 9.55958335774147 14.516051520245393
0.0015948956156514988 0.30225925999547987 6.068423111104941 4.112212801498777
0.0016998064851956318 0.30666535136811 5.823874623697741 3.584863497944494
0.00282701171766285 0.2810282766748895 8.006365634975428 11.592645246461217
0.0022042082896115613 0.28362559939250853 6.465419445075034 3.7097275794801634
0.0021872141910567675 0.27533856161056236 7.5320490472664545 8.40161564918515
0.004889182470360161 0.260413470629986 7.93170050684118 5.500477335900631
0.0027135932715043514 0.28301089782442446 7.325371702217436 8.330311844754105
0.0016791569723985486 0.29155470068365963 6.086439056024794 4.878061057714689
0.002776037192909228 0.28228641911044206 7.484732510520304 8.649445856133553
0.0037523637464442175 0.28246971520912134 8.322356128395674 11.13781068423492
0.002858565925308878 0.2868258534663721 6.544713357904735 5.848923340234508
0.003897209718531746 0.2686616881300742 8.26090152754773 8.889021349100949
0.0055466048980775924 0.24580311129560484 10.527266804127802 9.768455637363882
0.0049166616244783615 0.2571981150997553 9.561660208981115 11.89026304400173
0.001695261665426104 0.2972477695360568 5.959967150781426 1.9566477072994957
0.004841135896450053 0.2657970656795695 8.209792842164667 10.448537471808898
0.0021917898893998563 0.27710774508531877 6.344403949265032 1.3432952704170509
0.0020330766061448335 0.2803513890831416 6.390236498732125 4.209607110616631
0.003940327799111085 0.2703224126821143 7.7773741426538265 9.524907001851844
0.0020365733134053627 0.2860540604973947 7.203905594904474 5.980366281418533
0.0027170141306044307 0.2791478474664596 6.736184381927394 3.6619675943532384
0.0018228480337773491 0.2969093116915832 7.130254842020456 11.802072487079663
0.0033310189754699976 0.2718280874327964 7.811279223582668 9.428123112997353
0.004173505080109007 0.27295432162608235 8.674021003574932 11.40886269690536
0.0036763461779814512 0.26688474586457944 7.846517647827795 6.944197999604272
0.003239465723605293 0.28236738445016085 7.543139831447214 8.506481804316332
0.0019431947554990133 0.29063583381553104 6.686924614859874 7.555500615356105
0.0011442313716883146 0.312519048303067 5.670190447266465 4.407494562593991
0.005913701235278231 0.24660991348393224 9.512704181039364 10.487062956369979
0.0031445891823473665 0.28759285527649814 7.896004033933125 13.092807979006867
0.0013648910962632001 0.2927490692729009 5.832899788907917 2.004442700513623
0.0032022782030182136 0.27147504534388944 7.509893486160632 6.73582423861461
0.0036025945707177792 0.2686792806212859 7.783407160090724 8.657102176693018
0.005280146557406182 0.25157217524598763 10.145341102453834 11.905689462302096
0.002632171184321575 0.28637800257771984 7.289021189613756 8.396909036185967
0.002595475098012009 0.28292979136839247 7.248444057242786 9.109377293346805
0.0014566215220644485 0.2930750446970716 5.837456945878159 2.1279835061842975
0.001991070636587251 0.2976502929370063 6.572164495495862 8.547844122998233
0.0033772704333395595 0.27992122047759693 7.7630798584154395 9.260984410524674
0.003394989789105304 0.266869439368705 8.603465322887283 10.289940918858758
0.0040662473549195645 0.2662650571166346 7.663282287857455 5.791022308464099
0.0020581521669157028 0.2926080836535122 7.292483450816757 10.202927197711809
0.0028610044652298532 0.2935482441179559 7.236670278481366 10.28945225941647
0.0023875976473642525 0.29390858920133844 7.270727083740184 11.080862848894153
0.003198363652778842 0.2722247211317893 6.602865308497182 1.6941822651118876
0.0020618203284651485 0.27933342192620514 6.129440758989978 1.0
0.0018842935757844848 0.28892576968645955 5.791392759355986 1.7400471798549102
0.002534717916563863 0.2842358450053064 7.460265536493734 8.917974002377317
0.004945135418922304 0.2550540994864824 8.629003456948407 8.979718822761681
0.0019665341342171654 0.285890854548401 7.487776513863045 9.676521221575959
0.002508771811401592 0.27938703509609886 7.571140478547301 9.400862876979339
0.0028863778691182503 0.2827210006570895 7.228529625095231 8.303880579462605
0.0013681741306196963 0.31149555492759584 5.866894847309467 5.021148821409225
0.003667672626613472 0.27107056672029217 7.409278148060957 5.436583470126551
0.002523087293931175 0.28802633372226494 6.549975380319061 3.251563196337635
0.004666531368205718 0.2592274915655324 9.107976145024281 10.355585888552234
0.0026648584252177278 0.29451028005083424 8.197948774627065 13.33010459864057
0.00295309562251342 0.27887896983799887 7.109921533571027 5.701806364162982
0.0025304569624554608 0.27996839042096267 6.7448037971723425 5.442744606897078
0.0018840593408776972 0.2883737243475185 6.243259794930561 2.2251862354103444
0.0050562603057319935 0.25566057822191857 8.816579770153629 10.159827853013246
0.00152376889629052 0.010000000000000009 19.333416160105628 15.0
0.0005 0.010000000000000009 19.039080622814566 15.0
0.0026918385505534425 0.2837484305400837 6.677328169914053 5.296652153392123
0.003619261083892102 0.2734521955884418 8.413573233405437 8.354359027311808
0.00233293334399798 0.2748000740417492 7.185691933060298 5.274644416743296
0.006499776295133649 0.24693995026904347 9.768642095126458 9.240639321464158
0.0029743622239240823 0.2789192313551391 7.465483232403597 8.225120365906195
0.0026544432246503585 0.2896951039121337 7.833101793514386 10.319509421846245
0.0008281925675455454 0.3276893062546301 4.8971136141152485 1.5428409403718923
0.0016983217562917315 0.30132162442509214 5.996496989476691 4.128070318079618
0.004552635549233617 0.2617746483722182 8.605509348712317 10.771205067136204
0.0013625591029921762 0.29775948916293116 6.5076015544322185 7.696913516473268
0.0019330250178312466 0.28743220889909393 6.15034775466732 2.555432865514896
0.0012505215570380078 0.32444209444031014 5.382098265028445 4.955475122654066
0.0040673993270402865 0.26495437961789536 7.650287958951923 7.456037119948496
0.0052563116692279695 0.2642218583363535 8.536983619809751 8.97938331034962
0.0015973109081867808 0.29995481992422623 6.132896219599385 5.161020996737311
0.0033768655498973665 0.2703284798698642 7.346476976476287 5.689917100435235
0.002317596552787926 0.29825960656713857 6.458439255069027 6.416950061508719
0.0026475213319733988 0.27907310521538353 7.269762644547889 5.910230453118578
0.0005 0.011273079019567311 19.479109356816394 15.0
0.0022524325664857446 0.2872385909051395 6.8862659016386285 6.686789450400124
0.003966356937161825 0.25903838139275337 8.08612236202464 5.67204581193331
0.0026221531049446 0.27719325554612173 7.298933499013647 7.260793214878618
0.002291792653573678 0.29072814517461854 6.328412618942221 3.94542156566156
0.0009525874427667516 0.3268790879363872 5.086608941738538 2.665898176110189
0.0016853062775983823 0.28659414623873214 6.9618022000490605 7.989087329252356
0.005734455525589091 0.2595019481953774 9.117358782809827 11.815157434361724
0.0020030224883911285 0.315066387555346 5.9947275214548075 6.419019877736398
0.003141557150589491 0.26942062691572777 6.718662089126685 1.6772008354450545
0.001866320388464536 0.2950847543444425 6.567062695072975 8.180258970785564
0.004262225343295229 0.26847755922140315 8.222281891562542 9.231416532347115
0.0019984647671816725 0.26943157317464306 8.184851127993454 10.58735697100621
0.002281672179370328 0.2665882620866743 7.328389959298833 6.2614123601001515
0.004663228114711596 0.26598956253028994 9.483538231620395 15.0
0.0017824566343744254 0.294693789666421 6.274718454087321 4.9317069079034255
0.004851002666792143 0.25880323413350603 8.315274130644887 7.7189784764280835
0.002391780333158809 0.30909601134238307 6.839547841551315 10.868372697720583
0.004522299807346818 0.266526144107631 8.609155891780492 11.251755161037558
0.0030765473957136877 0.26227674321112693 8.080071929804756 8.489944906058685
0.002552426827626586 0.28781109937841076 7.400893800596789 9.11864539228154
0.0021827043529629164 0.29029172903305045 6.99600278412909 9.885253869950297
0.0027520061374511303 0.29304986148665935 7.613228585114711 10.950919332897545
0.0027432607352437825 0.269507804000386 7.1353242100399825 3.937783002081294
0.002027842096223557 0.3024360227893783 6.527345834632702 8.41308663337553
0.0034101692063635194 0.26823057946226714 8.03318890075322 10.181217138961227
0.0025786750179670344 0.28033625171974774 7.478441504135326 9.553367125645863
0.004085322683368609 0.2672252283754415 8.492651181163392 12.503972064991407
0.004575672022385101 0.25650639359232075 9.046707466524136 10.206825491828855
0.005859948283678106 0.24785031983171046 10.083925928799 13.002470128824832
0.003940195879916557 0.26861986612646127 8.804507583527132 10.770315254492663
0.0015049200570194134 0.3128898765954018 5.946010561701553 6.223490898671047
0.004327566277175383 0.266588978948027 9.527175200117854 14.99995388041768
0.0031514024442056083 0.2651951081046271 7.087488447816922 3.046626037575181
0.002506642107478857 0.2823141622590494 8.120515375356891 13.774266862905979
0.0057721847886550255 0.2580471868080322 9.280521959332862 9.424105444821961
0.0024402953944259965 0.28347720368577356 6.127213435655965 1.5564351229867448
0.0016473823313168062 0.29876346832376355 5.411723521488923 1.0
0.0039031817574113606 0.2602617283622234 7.836115602852533 4.34332419505084
0.00281306975948227 0.2817738468910298 6.563957086999947 4.127440340485789
0.0031063505160026173 0.2783866759848417 6.649853027943642 3.1518320741735186
0.002858362376686362 0.26995406282039003 7.5190093548017725 6.620085770061746
0.0026071938444605256 0.28097187733042317 7.204008884561855 7.881736993820574
0.0020705817652630384 0.2959928770664434 7.301882328355873 11.767549336442334
0.004673297939045476 0.2546584388771017 9.561317781519028 10.887019950477
0.0024439664963688884 0.2786967992136714 7.307632475947715 6.956917275146853
0.00167467012595444 0.30618767252175594 6.492265180590195 9.200282787689616
0.0027638069308819056 0.2754728233303517 8.171457602504919 10.734562515413625
0.00427837480586114 0.27141993620922555 9.32117567196307 14.97808651533478
0.002339163169888889 0.27619711594918706 7.884396127130808 10.63786639557404
0.003995349925992568 0.2716528821801245 8.984270482008087 14.999642121010194
0.006590922168135342 0.25257505748748244 9.6975978754098 14.436288164412563
0.0033605252294308793 0.2678717114811333 8.7041908883571 13.310179787542552
0.0025713793319433334 0.2744406453149194 7.323409549941878 6.455502164479267
0.002023001537882717 0.2973940652261833 6.0216206143322655 3.9989047969799563
0.002937306743296239 0.2957585309265587 8.100633239549312 11.757967004313123
0.0054312605543613305 0.24337827564373504 9.649813938413402 10.061510439007034
0.0016339576874062197 0.2826050351699382 7.384743456531558 11.23015372530004
0.006039087807364316 0.25809883937383005 9.938804429697683 10.812943871837208
0.004474142175245096 0.2647144903864619 9.107655842539222 12.805751806093777
0.003453660983102719 0.27156923485258544 7.330727172077856 4.714821103282874
0.0031632309846279898 0.2623083425091399 7.728165003521379 5.5473948563155115
0.002205392041272037 0.2841672030590803 7.161476350679399 7.31475370213643
0.0033757772875455975 0.268916352620433 8.101897976484976 10.042528778874498
0.003608686138026807 0.27584989889323 8.630491450138384 12.79984090088496
0.0030940815898459232 0.27867542768639486 6.248067803392299 1.0
0.0029032184823531036 0.2882491333812385 8.02633614846253 13.18181873216973
0.0037331424634999355 0.26966859995777226 8.699560556926112 12.109536478441676
0.0045658316664500785 0.2614028825771867 7.875410013160797 5.470826734328725
0.0011291470728869279 0.33451451733003024 5.209864687746463 5.227816751968884
0.0030147534859419553 0.2907748084620527 7.561340338298388 11.874019118782552
0.002577606771219699 0.2798913868235816 8.280620724621533 14.17507256002018
0.004327673242903917 0.257128098732072 9.768425955347425 11.269176120781744
0.0022860819492165232 0.29427722975741366 6.7795026506118905 8.082323011680316
0.0031881665795177676 0.27820034659666004 7.210647020460998 5.701209849144238
0.003668544793041538 0.2698904106134037 8.165964895263356 9.627184492441204
0.0034642452582745215 0.27150093189661995 7.789881838821584 9.081665183892438
0.0030666151704439545 0.2779722436647928 7.489437125902228 8.09435610850108
0.0017793794830765469 0.2953658348121797 6.764312865455515 7.788311186300876
0.002269900531280307 0.29451713707931715 6.966056850412813 9.208292442616324
0.0046528565723064075 0.2728303162679242 8.778311838535261 10.941967919364103
0.0065333766964259105 0.25635822832621424 9.04084019360354 8.8698626645673
0.002470339970211508 0.2888617415991158 7.578504154379862 9.935694245415931
0.0028866521570792437 0.27422850339543303 8.24538135173669 11.267747363350008
0.002217709184061197 0.29295390299093516 6.460577923575871 5.156503180797769
0.002720939650742594 0.28255731052960076 7.384450875404836 6.4180351312255155
0.0028364354426084807 0.2801817510352338 7.080700456983722 5.800050113972265
0.002752005380292144 0.2734849085588087 7.25056111498701 5.76443129648868
0.0022007864999144264 0.2979341447813292 5.807779251269115 2.1430488403015753
0.005704712493024606 0.25089801715978055 10.294517127491565 14.449515130419067
0.0026130428376714143 0.2916648667764208 6.861675690000408 7.727371316337903
0.0035581398080558003 0.2702467846170268 8.60502821606706 12.152258984605925
0.0017555710047677774 0.29436969439864 5.981251851695814 3.0502032383541415
0.002817765389047222 0.2588182458886442 7.426172762392743 2.853723435897355
0.007479160550185361 0.23108777776398604 10.146648004424119 7.467646028477372
0.0005 0.011954976079957103 18.44910961790169 15.0
0.0026310745725574283 0.27403787755790676 6.71370400874893 2.9909763871821466
0.0029790935115085724 0.28386173811407756 8.583094048423758 14.516026895091224
0.005533948840209738 0.26705041791034756 8.318298918949885 8.856586193858838
0.00465805173647919 0.25340416238396035 9.58955307808041 11.620419325622926
0.0048704779038990014 0.24791576276451488 9.017480039097647 8.269398854168688
0.003104073171994108 0.27136610136490935 7.6097557083389695 7.104628055799127
0.003136106091644208 0.2781102738878072 7.939497717303202 10.96236642350935
0.0017849099465299238 0.3053952579187893 6.459621921709497 7.790463365413951
0.003977837980535411 0.2615721665441435 8.075300239521432 6.227552588622167
0.003394526980397405 0.28131652866856827 8.19132571412046 13.220824533726189
0.0029132812560829753 0.26854265339985284 7.242346146840739 5.363819052982164
0.0022492559649570473 0.28913389592501937 6.10592305895595 1.7564338379337041
0.0029195621247869795 0.2692856820311257 7.286984982170932 5.455757940095997
0.003139635586704641 0.2670099311743269 7.231767064536341 5.281771904212148
0.0032608058800291232 0.27806845121713897 6.988327221805845 3.6514645086145165
0.001555273596834363 0.2911884556011809 7.845601368945415 13.426316251633217
0.0028988828829994784 0.2893755186902073 7.5269694422424465 12.528503316811928
0.0023599771920667016 0.28747488433423707 6.796760566052376 6.466274963280206
0.0020146039001480635 0.2888913788221147 5.819554864096252 1.0934368046979692
0.0022248960860655736 0.28669833336865047 6.532412682788927 6.27465921779258
0.003055632549404929 0.2748280741083484 8.086595174627627 11.117643003224973
0.001848289290507293 0.2894711240894222 6.681209537803305 6.3880693466879475
0.0019068278017915783 0.2950406362018215 6.269236643071593 4.843035245731681
0.002925446754015305 0.2745957467452309 7.893927919386609 11.533144556758078
0.004269836007823816 0.25630703114384845 8.857537853023814 10.464912812888219
0.0018266651885148278 0.2941940487133683 6.306803656616677 4.274025653416828
0.004690862315211608 0.2674236635469541 8.655685519528888 9.851468970409147
0.0016492683878544683 0.3214085441701081 5.612649186808472 5.055781690778243
0.0017408813034559098 0.3044228062601638 6.205831668113452 7.617648069646788
0.004058554978967135 0.2629495784950032 7.689004546629193 6.38413000488648
0.0033589825943631827 0.2724338091653383 8.279628300570884 9.046709379603568
0.0038995836870413074 0.27286612959201373 7.2076123424127445 3.9801722401587334
0.00465393975425717 0.26462315916392454 9.561877501193148 13.955893480018279
0.003927299786892228 0.26172194002671334 8.497817106428565 9.008252070672816
0.0029724367974826057 0.2762079579640929 7.473918247967326 7.128547523824492
0.0027722284330897284 0.28312476889460514 7.335156679008577 8.790496721437732
0.003958055019595466 0.28206867547083536 8.188352925146432 10.384210904902396
0.0034821882738323025 0.27316599871548153 7.850016211632517 9.054310669974429
0.0018809484913466026 0.2990235107452466 6.21042998054771 4.847832115313727
0.0031246047868549814 0.27254837018972644 7.366392667367023 7.820349766611542
0.002833832766375705 0.283625304175149 6.462533734436724 5.010163346179544
0.003758298115943897 0.2776755198905486 7.726874180543829 8.287421254769233
0.001571002461494565 0.29601392135319526 5.9427310707097085 2.093142521124512
0.005271525924544755 0.2508513790023027 9.750759075852478 10.686478380991762
0.002950777038971639 0.2607896189372547 6.938546867911289 2.343744070791055
0.0020929694308651713 0.3031944566763094 5.954543511574837 4.4529487805996615
0.0030754810252071065 0.286688735138267 7.628074628922983 10.308463136245434
0.001976837308004066 0.2927637304281314 7.537335021692593 10.113966544263615
0.004188863701090688 0.24855690720002876 9.385397235007884 8.639497023467918
0.0025462370597683173 0.2828582234931033 6.938062825654342 6.059903215297872
0.005600973738695819 0.2533169153313025 10.192285998123344 10.936852525388042
0.002383427592434758 0.27449625433017366 6.275504446228027 1.0
0.004872594363258033 0.2626201556320853 9.234011478989483 12.116270158732842
0.004660556579746735 0.26082281935752494 7.8222801128317805 4.46149460039638
0.0034501788782605354 0.2702613264366672 6.94693333577339 3.8918250536465235
0.004045987776504792 0.27608178403040273 7.695259340445505 8.668105221344812
0.002771081752126438 0.2738511389310151 7.933612860751396 11.345718990095468
0.004758650155632135 0.2675872922123994 8.700988351052644 11.035461796539545
0.002110335598395955 0.3035492991445472 6.666151402112816 10.248905090323841
0.004107484212499293 0.2633476925611755 8.34155917169837 7.537952037873965
0.006365901224232713 0.25928663227318527 9.478466620872828 10.046783155638959
0.0015361456419363036 0.28848334082093974 6.792219691147305 6.704814205550501
0.0033721231729677364 0.28136400608654544 7.218562926963466 6.394624766608203
0.0037575019062582793 0.2675810528422984 8.567618354576013 9.8215012677194
0.004343551558777896 0.24899437274542013 8.822304600207723 9.060633892562372
0.0020214870162401128 0.3044809846546762 6.538605981425312 7.662363771231843
0.0025071936660291676 0.26477985532679615 6.752186399426179 1.0378009288678784
0.003033390811075938 0.27787516553649705 7.831288957638575 8.695551177776437
0.0021166606748615423 0.2761140929322625 6.614097477106826 2.3691228857528985
0.003562429428720598 0.2722446747526296 6.71274627860163 2.3457960729438216
0.002159405196173097 0.2908098496142111 6.9503219841740265 6.403211805408009
0.005296367839287352 0.25839324406219044 9.226219250100483 11.012892258112531
0.0026435203723053757 0.27492289658289804 8.446435909343016 12.946080192415987
0.0017953011104105301 0.30472023191312303 5.898677793672654 4.751466130147432
0.0019311793855531514 0.2932471044206748 6.365305388015251 5.367136781179139
0.0033109376616061487 0.2730978507681332 6.9609133514254715 4.5853657609685
0.004237706986641677 0.2749031595545993 8.341735409989209 11.724577945342727
0.002088729371993689 0.2706646557908141 7.029188957917289 4.440367072194595
0.0018890860023856142 0.2940952710702873 6.243548216613127 4.4744951627159715
0.00419120109032065 0.2556213322899499 9.327905044616092 11.111020026199112
0.0031750849894347367 0.2795939030679815 7.618009807724925 8.612375467005375
0.003026908491933311 0.2688302040356594 8.700341422330428 11.082387994373967
0.004175982020430343 0.26413401086413235 8.801142121098101 11.107881717216092
0.003143363416316192 0.27459318657250975 7.441182289428532 9.155002228551632
0.0025351057355603424 0.2812002270490829 7.52769527413011 9.067601102302781
0.0021507896708662824 0.28430168176916526 7.267519351190773 8.180126665605332
0.003939449904886259 0.269116055083519 8.91153588150962 10.372351778227689
0.00331672444009788 0.2730562426613574 7.9200076143000295 10.398103219300198
0.0064465055025345885 0.2567412961229255 9.381200603921172 11.7863376037833
0.002769605021121453 0.2694731454358089 7.130225382068411 3.5651420367667743
0.003013344904406018 0.28044769330061303 8.397326736446736 12.774298433157796
0.0015467475686897734 0.2866963710809197 6.637135313628835 5.910072936726342
0.002301824034995837 0.29630083495434134 6.546229370290586 6.7704507638531215
0.002017428011852807 0.29506145023912433 7.478918725771377 13.267471134322104
0.0005 0.011421356178352604 18.987748623353788 15.0
0.002706071603855397 0.2767419182230575 6.45217584277801 2.1640978362941476
0.0031754421302139526 0.2712694169260157 7.228010478932035 4.356363173206523
0.003393576136119407 0.2734453382452653 8.208383196997403 10.70068364967634
0.003879080001023133 0.25937656560749356 8.441428897999753 10.181618058215196
0.002448126737051135 0.28210487739211787 7.608734388332555 7.6522962974633
0.003623022163607605 0.26512340890096386 8.119154278821934 7.087217966782562
0.003935188020617816 0.25803093132238586 8.418597362191619 9.963744035745862
0.0030968348111046155 0.26373668531299976 8.444428064775956 9.043588206359384
0.0037378695546311123 0.2711568066626342 8.455256005413807 11.394323209169
0.0025700228030282484 0.26986023357512 7.139822993381689 4.584541350285585
0.003460577266245375 0.27214259125855556 7.289053003431631 5.478143006812671
0.0041468531315667235 0.2765485831346668 7.180031215383957 5.31792380552953
0.004090740113303121 0.26284860917490727 8.971654585042936 12.365149318840077
0.0037772338781418557 0.2667671767893718 7.663891350194534 7.27573653545644
0.002678295667794788 0.2837810058460518 6.582949933806955 6.4070499450415035
0.003101766045603711 0.26701134607216037 7.315931647918938 4.402776817213727
0.004848531919013281 0.25471460866276296 8.844070854756318 9.549957404916839
0.0025391211462903697 0.2772703720813724 7.5086562131463275 7.42760637204627
0.005428693565306018 0.26182734771257354 9.30434808215435 12.727568240203421
0.0017151136200205023 0.3140871188747979 5.080980507449987 1.0
0.003921518509729008 0.266235174429052 8.64556561442534 8.86632887706885
0.00396375438227245 0.26862813364888083 8.900340213869368 12.782901151066003
0.0036749345223002616 0.2730488041736281 7.716848559061547 6.393168696368398
0.004040163689049419 0.27113855224097483 8.52102182566168 9.461135345943344
0.004580817035427096 0.2542209972463463 8.270378773252114 6.022055027865466
0.0038029426990591583 0.26468687481347075 8.84496053494189 12.576215205998881
0.0017222798228118696 0.3061521277252732 7.13234799627853 10.77568364405619
0.0016388097918091237 0.2970755223469175 5.952146099439411 2.4257614772691722
0.003740455498453046 0.26392243186007214 8.77039126822582 10.32899542180245
0.0033458205363055622 0.27292183493670685 6.662919600679597 2.5015250233238566
0.00351388390955883 0.2664247780653607 7.420497257423788 5.381563570094415
0.0031530596807805454 0.2781053453459058 8.199862141614183 12.344613336270609
0.0027936992798767136 0.283622246008724 6.470253174725268 3.2167661800285794
0.0021701359918603123 0.30297231978410577 6.325017295434812 7.772566233549684
0.0018528591959759803 0.2863028464276435 6.379828156569088 5.331813419926927
0.004122513513796995 0.2581440630337968 9.017287231235116 7.8968672326591465
0.0031214103122508196 0.2827865255538219 7.538498736101031 8.750286962368953
0.003058954129969961 0.27887011627807134 7.419461643407091 7.709427881862154
0.003415729754360072 0.2755611678220876 7.854389684278349 8.81555998278619
0.002336811595078251 0.28080776322623036 6.802134711280879 5.451268399218428
0.004074243820265796 0.27409865809575884 8.425368045659384 11.646396080453624
0.0028697080055528168 0.2724005499582669 8.527732839883631 11.958682984257596
0.005280167535127701 0.24779091609582315 9.129677088325021 7.283715856287855
0.0034512244312809776 0.28978459280546154 8.435261341785308 13.163120000611116
0.004018561253528568 0.2642721477733404 8.622712791175442 9.31283713004376
0.002684494492180048 0.28240939227403894 7.320619513154012 9.19711416886534
0.0032262167912755903 0.27856352116549754 7.195480350768516 6.860665471739279
0.002845987936516159 0.27810713528722886 5.977988373991127 1.0
0.002099355745336199 0.29153532931354986 6.891221485362409 6.931100848017298
0.0032411018224042863 0.2696699465165423 8.806398300128656 9.676883835988312
0.005270282750966383 0.25402588607442633 8.758678948834756 9.765022092037661
0.004528114407508209 0.25445980247713984 8.104773271017987 7.021388880466877
0.0005 0.010000000000000009 18.275990474109044 15.0
0.002898911963146838 0.2689574187455388 8.126356738096515 8.28427089403436
0.0024096199519294276 0.29174733825121224 7.845048584831803 10.123611500883648
0.004657758301999704 0.2554308049795798 7.956392498905325 5.08100170917967
0.005465236610162621 0.24784181034678865 9.644688620048354 7.849335959836762
0.0023553152725705575 0.284560946507743 6.399112907306493 3.3421294613945927
0.0030552826120165215 0.28350826640138505 8.130966855270628 10.97644078315457
0.003251498189485059 0.2808911288669689 7.789820999699207 10.84556921891998
0.004345088098152429 0.25612924477006094 9.898124901642413 15.0
0.00474968125907507 0.25945103887358745 7.765459964641195 5.899629223622222
0.004655696260000969 0.2630032187512269 9.78305816472774 11.057592376415943
0.0014289204644453192 0.3038416264519994 5.838836074241949 4.358624093736504
0.0013646622591320739 0.30377076280593285 5.470361882335721 1.212264305249784
0.0037385360148824 0.26482330284684297 8.705054616698664 9.567452290640443
0.0029158742402864203 0.2723998957012529 7.9181390096539745 7.651806742173838
0.004439066146827671 0.26269296176045465 10.000904206230002 14.702283674120263
0.0025461835573744466 0.2816309250016338 6.983958079023573 6.056496310502875
0.0027418835822988264 0.2828517404172468 6.950089652829483 5.758577432823884
0.0012586917451515205 0.3050865822809976 5.515519866877581 1.7508887969004459
0.003516006772456369 0.27315593668255567 7.1152078659246065 4.417551349903999
0.0021128896978566073 0.2921746026195018 6.924748571500399 8.143233658636305
0.003950416741695193 0.2597741694014104 7.102993639991849 2.50083857757855
0.0029046561940713517 0.26268436432872366 7.674211660877857 3.7841962544104675
0.002340610569701743 0.27337636223068984 6.471455225812541 2.6892287886581725
0.00457473290431513 0.2528305907997054 8.96616265650474 10.223377223941657
0.003079347544399966 0.2887269540368681 6.908519324571689 8.279713853500828
0.0035170738791862354 0.276841929977786 6.905708244614573 4.675779820037714
0.0026404104741954036 0.27562319995163376 7.185947836079238 5.360120437799214
0.0033716337495175016 0.2861118318448208 7.033809113544139 7.485136067173345
0.003027108061310406 0.27090766799355004 7.126732179419697 3.826984181701631
0.005279633308223146 0.25034519796195387 9.277963414344088 9.605789697645825
0.002105375379046592 0.27263309828108595 7.398020164403771 7.094590188749932
0.0021973026185441937 0.2997539675526062 7.639585044242018 14.99947335056587
0.0015891429961781365 0.28811268447400595 5.93696455783077 1.2535221934137093
0.0017860536920460946 0.30636783330454864 6.867594454676578 11.569364837814469
0.002035715939486433 0.28787518411273505 6.702416183576738 7.179615264149355
0.0031015257276331147 0.2741792287549253 6.801161191195032 2.034080020280241
0.006336130196432383 0.26134164756183653 10.1537889414084 12.765010850304128
0.007089745685017155 0.24219500635279656 9.755785285197884 12.199669710329772
0.0024060935857993125 0.2704488723896773 7.693979055732729 6.439590606717724
0.0019545941430996238 0.2806991288917201 7.7689284651639205 10.281309250106085
0.002204693196337486 0.2924068645102853 6.697001698355377 7.116487529952039
0.003355057057500388 0.2763159229839033 8.363168317756244 9.038775609109416
0.004812247739038611 0.2651899010226916 9.754810843529247 13.508974521575944
0.002912170501796174 0.2775559288014303 7.743781207397836 8.24708647987231
0.0036618892243770644 0.2648269955515754 9.252567584457422 12.822821519415225
0.0035748399522987674 0.2643500582889228 7.0950938477863055 2.906078448029529
0.0025213367375129616 0.27990673109212416 8.189758916567072 10.360580078527978
0.0038667567018384873 0.2632956607914606 7.8692716909382145 8.359637300264751
0.0005 0.010000000000000009 20.0 15.0
0.0021473062235917305 0.2898655127452515 7.492779509354918 10.792627122420292
0.003057163303087859 0.2708918060595896 6.905373516554522 2.0460807634059295
0.003854318702056966 0.2713611268980576 7.996491237775764 8.597259877860672
0.003419738218472934 0.27006502164164514 7.222372167348426 4.58990752526908
0.004192068109603028 0.27015981416542967 7.863496901805363 7.515022551593837
0.002903163192508474 0.27790547037015934 7.622833201067008 8.325599161029716
0.003233375177126742 0.2780052855562949 7.783629241743069 9.705280607241834
0.005112264447531676 0.2715778913382305 8.4087740981259 10.649994526917641
0.004500338858380736 0.2587275310272129 9.053553083622026 12.432537795288834
0.0033826705664217606 0.25386359960819216 9.299490309133256 10.603038295941683
0.003722223995884338 0.27676019838825894 7.35966308802818 5.606207834254642
0.00161217753413393 0.2854566946933932 6.415987909266403 4.532066804973914
0.0014122311971655503 0.3088102326626554 5.65608254572861 3.2083035445688974
0.0024350112737334287 0.2838666414259926 6.50495306558625 5.318422350931908
0.0028426296398687935 0.2668006830022627 8.286093916024665 9.141942648785314
0.001668690829671646 0.30450391275966304 5.506089666480548 1.3995001084972394
0.003793656200975628 0.28027598766228357 8.485709403007728 13.315240841296799
0.0012713454483892217 0.30806071282135583 6.8200729273232605 11.017976857577967
0.001911194690759595 0.3008043212337047 7.425418052347252 11.691465314027559
0.0030724019521461963 0.2723236981396828 7.672686503033767 6.308257761787431
0.0037997339282079623 0.26261737798666807 8.202253878672714 9.33590520486464
0.0018922808598694982 0.2920932715312432 6.26615393368809 3.621031534340891
0.004425956381566782 0.26126632254653415 8.117211852996036 8.107245114281115
0.0036402287919081386 0.27871376579257023 7.642273074974071 8.649298211284972
0.004250930672003567 0.2635706566444175 8.89096449748208 11.34216695970095
0.0025870037139659307 0.2809083354095413 7.475846457457522 7.72767762996227
0.0029958825202908612 0.28462202092123345 7.966856010852146 12.06629578749465
0.0012445477566927453 0.32628097449060955 5.4157560347113005 7.076641215457136
0.0018780696969637068 0.2893811239596955 6.979267478843342 9.527768158050685
0.003468194176407197 0.28188587159513 6.83156704206773 4.631296142128812
0.002401498401464776 0.29530958022053955 6.40843827982618 6.221981345115691
0.002757082858857564 0.29484989104846204 6.6072281249128375 7.260722270230302
0.003892836064490208 0.27237113090186393 8.129466116101595 10.248619358915562
0.0025989690258871444 0.28157369428858825 6.692528869138264 5.381776326950831
0.0005 0.010000000000000009 18.915045372957508 15.0
0.005665236652629196 0.2655096289211182 9.761112014048539 14.044635189323008
0.002927076260976166 0.28158535305406596 7.10794565871345 4.577374867233025
0.003979570644134136 0.26369662272250927 8.436867030708214 9.801743924819474
0.0022867221988785848 0.2829580475534703 7.182838104927438 7.862721646717506
0.0022709028567369297 0.29226974247762916 6.639493511059716 7.077288713186968
0.002372442088265471 0.29035420257200295 6.633096870360572 5.770734104136338
0.0035672376286813787 0.28439308021395404 8.298455951902302 13.327063116969146
0.004102363451814688 0.2517240811973275 7.696454629808328 3.306382883582164
0.003205603418803066 0.2802795404003412 6.675221463941551 3.5295015363552746
0.003178747608646119 0.2717067693744759 7.543984478067387 7.309767097568144
0.0020891109971746574 0.2843734507548594 6.252688896575184 3.9924575424735584
0.004134066634834249 0.2682468948911755 9.083907045458055 12.46901983769314
0.004623043575691114 0.2637218539964524 8.868227602556523 11.036720922004989
0.001666697745440566 0.298651914821804 6.335915203286065 5.692142053856203
0.0013900531337692605 0.29477629782939596 6.35324316644871 4.817932204155735
0.007603721960373645 0.010000000000000009 18.281378580788665 15.0
0.003208342794537184 0.26873237562723296 8.366586693471431 10.135828761646593
0.002643537946337905 0.2892704072948059 8.203442564150638 14.099099508848123
0.002264997288399418 0.27997568566289366 7.380799130451168 6.863624244639978
0.0035229309715566768 0.27079806048597643 8.701980155188288 10.562750362604792
0.0026432872032652053 0.2737012765049325 7.683387492722439 9.416589980212525
0.0019693621924394924 0.28664287753353435 6.6816527126414 3.4572017643737416
0.0032875039446019242 0.28091929343573396 7.991784873682624 10.525089296963381
0.005488644632044772 0.2514171525615445 10.397767434940588 12.983436391639525
0.0029246727936802397 0.28528085912419987 7.344044754326472 8.416759981349852
0.002110330292793168 0.2919259991851675 7.008644489371143 8.498670701114472
0.004231091774463093 0.256764729818064 7.949683497014757 5.658118195976508
0.005093802606387326 0.2489869825923029 9.158479158655423 9.079232690631104
0.0027151167587973527 0.2848019218592307 7.465959932813035 10.40482880927977
0.003508652911719253 0.2726763816795722 9.25460157775536 13.596074259338751
0.00302938439729098 0.27609879412364957 8.136613324631355 10.482986703051498
0.001649203951960681 0.2879392147498857 6.077778386110363 2.168399215016068
0.003235050602106537 0.27617905153047184 7.421544330892752 7.421279072991214
0.002293597723842011 0.2908146746831989 5.79509925516641 1.0
0.003017146792028437 0.2789999321797805 7.768568349509318 8.785748976695682
0.004879365231389519 0.26104281191989454 8.337145945692823 7.939061748313812
0.0041159227690814645 0.2696028613015473 8.96046939210056 13.01849966660678
0.0020169634268496265 0.29655997304919124 6.262414740532702 4.1883661427767
0.003850076376617212 0.27316382435413944 7.289983316483186 4.637859026746676
0.0032119661343112567 0.27341554779106414 6.596439420493403 1.0
0.0018701722473879077 0.29384017322358935 6.72176177030168 6.951504121538803
0.0021097480874272692 0.2839452789447173 7.553537531775747 8.223409936523298
0.0021470931294253824 0.2855811162993994 6.638696596552762 5.831859260511871
0.002436638074751181 0.27413768026944163 7.745169036495111 8.884134527301644
0.003919306548707442 0.27053104069995193 8.283399160318794 11.199155888103423
0.001997865965884256 0.2880576814954926 5.830801789078777 1.5000496751618835
0.0024595959202720298 0.2942600359347415 6.845191456585199 8.379947327017756
0.00232536587989517 0.27803800561058745 6.15373938456267 1.3965510884386312
0.0027550598237873684 0.27063476882468696 8.337518537934011 11.194990489559693
0.002729932121751005 0.28455223879179714 7.380658316923333 8.534883687663282
0.0020684845684197503 0.28734944202705703 7.379648890146457 10.018952425895678
0.0024299376789200917 0.28722286920867046 6.844631834355604 7.701466727878012
0.002825846521662645 0.26664667694127997 7.468708941326431 5.114009977116799
0.0024293007373318554 0.2882995926665679 7.416161924534977 10.536210073110077
0.00379744496944841 0.2485386773810171 9.474789736301304 8.281648365888577
0.002123196815905622 0.29942544668366977 6.864810975743727 9.86967414802823
0.00502353455157804 0.2526215730192408 9.146894857372915 9.135920725457247
0.0021878916099003077 0.29262751813522725 7.520070082970007 11.867916839978008
0.003097384536841156 0.2799377662580329 8.853000525497944 11.634622165500037
0.001734274708889021 0.3089262442889277 5.587173113257953 3.391284916983235
0.0018892473582733395 0.2949979356571705 6.086084660999875 3.527170715933533
0.0034833580514740765 0.27005170644957943 7.438510673980755 5.495899434142931
0.00197285534646616 0.29244092771840646 7.591972595822105 10.888416643836099
0.004088472602262288 0.2740745525413375 7.4278899538833425 6.712151193534694
0.004135562187803607 0.25881545350093027 8.83872655329676 9.462606338408122
0.0012630206198655219 0.30044501128388046 5.764656550906036 3.6689183290938505
0.0036028731514060695 0.27632406431216616 7.293266098561291 5.539752060905828
0.0036480320310563297 0.27135680060178846 8.302246804728076 9.845646032172425
0.003029021685623869 0.2745275318358461 7.707891445735591 9.454333415109812
0.002465867905869421 0.2779487661786374 6.615847451682673 3.19342121840823
0.005097616629384671 0.2603890350342273 8.967908484942432 8.933541320174095
0.0031609726511946778 0.285269272317068 8.231121780197425 9.934435657959384
0.0021861667379998156 0.28276020656405787 6.793345537135911 6.569895568864447
0.002805739367388949 0.28524961877523314 6.945026311814881 8.048530884854264
0.004749710250600933 0.2672974761389393 8.885291789407272 11.365900374554057
0.0021695393547101075 0.29712873863438105 6.044521740487313 4.650584803512981
0.002717416076630015 0.27973701268223883 6.341881716846677 3.5251819495109746
0.0028278686562313153 0.275739562523588 8.335613298208703 11.523467543839105
0.0024270204500664344 0.275980252811971 6.931685756824657 4.533516484415133
0.0045041249243557594 0.26617999090624245 8.900169385544519 11.960044925416964
0.0028400587996994147 0.2826880725394736 6.625281498424306 3.490317217206889
0.003990213830542406 0.2750110192536698 8.359292326472822 11.417595826359776
0.002293841141850055 0.2766115557842985 7.8163432837188 8.64000809821373
0.003549277435812798 0.27663812614482886 7.313456068098322 6.627542750155161
0.001655819573908833 0.3168862149613131 5.380143902887105 4.26338095338356
0.0027370479953223465 0.2857624541300696 7.044951003743153 8.509346934318671
0.0035183800936840156 0.26675237821283715 7.962914759306637 6.479734209186586
0.002756653384644027 0.27987467539358357 7.529515110476962 7.40380334622328
0.002722911524169553 0.2804681732113923 7.480742583236818 10.455613240441297
0.0021573023739737155 0.2918417258811741 7.0759731549852445 8.581740586329305
0.00239944739882635 0.2819329626916668 7.4274360831000035 8.688677887695274
0.0023158911215813032 0.291497760695425 7.269889480064718 10.120934320542146
0.003075551447775433 0.26895302656574205 8.004648453116145 7.931940390620178
0.0027429407779146426 0.2723044239201251 8.16658541839449 12.101844298828212
0.002485052133421517 0.27361568921255086 7.230970265836447 8.495814782262338
0.0025566155724366336 0.2776499995274643 6.5221039657613415 3.50171668524756
0.005277086560202752 0.2533577465181104 10.68076187160055 15.0
0.002345764692195794 0.270003428974142 7.13738592060858 4.717576219609603
0.0029392353075549803 0.28975134898794686 6.93288968694282 7.620901620951612
0.0021739928095620763 0.27686862026819314 7.010195955975332 6.2224099883470725
0.0034758048931419747 0.2753065796603914 8.04432300864901 11.300922565386292
0.0027358520666136608 0.2725118005855486 7.1915111368435625 5.355896112700469
0.004064477390541935 0.2781458518134522 8.595636303720969 12.32371800834356
0.003164563011902085 0.2803748438554321 8.237263877193458 12.912118578692736
0.00256622463527342 0.277636395594029 7.449328482373421 6.898318997746552
0.002328407905475681 0.2919080122547004 7.310709170679817 10.935019632153939
0.00392228171931002 0.26972171726771244 8.303793958528516 10.745994160802123
0.002231977698715677 0.2899203568997184 6.375676090124863 4.360576040086393
0.004200661301201246 0.26024233167862787 8.643097452585131 8.635189743426922
0.0028129809653730966 0.26693898879372346 7.044479977609847 3.33857449357325
0.001697209595437408 0.2992350181399498 6.145813264222747 4.621790886315982
0.003802411275191025 0.2721933531737716 8.207739308940955 8.216119265061531
0.0007109971767611731 0.4424846686002024 3.528435373379648 4.778752085797363
0.0028262063285735095 0.2788219025158507 6.861773348047646 4.370009225311055
0.003368605156374169 0.2836132730062042 8.326660253512605 14.919325433029343
0.003957472771152888 0.27593591662072436 7.9324791427949854 11.238632421017448
0.0045124736043067794 0.2464273571028628 8.389412740005259 7.264241149097928
0.003655934117568506 0.2776080294540664 8.349421599106861 12.075402472367701
0.0035371363603044995 0.2608222900934848 9.461245776001684 13.658436457880352
0.0014992650916933244 0.3029705859130596 5.818656425325537 3.944322500713909
0.0008417243664325634 0.37043874572856794 4.407557603433199 4.595142718651443
0.004007270407859837 0.2634299761377471 8.933443182602733 10.206288444979432
0.005412874108131077 0.25422574509697815 9.528301654266093 11.453292205149273
0.003145053718946072 0.28134467418273 8.093968826902584 9.262303011517512
0.0029472089127677275 0.27693308758906965 7.896403916801001 10.310151945068256
0.0019058838185639325 0.29668860638438677 6.6226565042469225 7.861067182431338
0.003285708452431367 0.283745074422579 7.365150316073912 6.695797372189084
0.003344066085690724 0.2795383805718141 7.573828195069246 8.25653732050481
0.004193185305991685 0.2657523709665346 8.266935837368475 10.554365588898705
0.0026878838572398484 0.2826090482443634 7.9737257643851045 12.392351523081935
0.0043224994452075675 0.26333950183072063 8.173033765034097 8.194190271746415
0.005106017882671118 0.25966159653693777 9.185037120290023 8.392853328144886
0.0023138667346084313 0.2872006291944533 7.184099646554355 10.826476629742324
0.003536810227181878 0.26443029907956006 7.893669582726575 7.067836457547899
0.003542541154578474 0.2674062323793236 8.687361439466788 9.952972586344636
0.003128261204828027 0.2770927574479384 7.805269304731382 10.353133302207182
0.0035395334892990116 0.27483891670501703 7.178812889206034 4.659211777852731
0.0048649976178427685 0.25603991421619055 8.46459032936038 8.245515441127198
0.002701301486475383 0.2777177129641998 8.280331817796926 12.542554393003252
0.004151822542841467 0.2749025761179056 8.960675375421117 13.524734035380122
0.003351871091935352 0.2857198003488145 7.421600142732137 9.235905177563208
0.002115940204347454 0.2876152824612015 6.022856937382648 2.4735740143376033
0.00428228804512103 0.26822349161081716 8.47060418594949 9.298469317623635
0.0024640682876998113 0.2837530583172021 7.298975731176715 7.653493044694843
0.0029820266417832204 0.27940785814945923 8.387786531374541 13.161095136717123
0.002562367341920533 0.29071646643201055 6.202358725259981 3.4482890628671736
0.003031707747963625 0.2640050379374548 7.466874229618206 5.24556337076295
0.0013577468467136072 0.3234492308740039 5.453101614142821 2.6919090379065658
0.004299945123286694 0.24644815870896863 9.761426931470387 9.399147539103817
0.003921149463958826 0.26062284825346316 8.945664873225128 11.879881800269617
0.003342953100445312 0.28264060494724585 6.404156874335276 2.764218560823924
0.0037091410971360032 0.26047087539172276 8.877093382140892 11.47893001568673
0.0033234847430376464 0.2813513578910759 7.194542148080599 7.615479092477232
0.004940219345363878 0.2597190140430867 8.085486616042298 6.405511920923302
0.004450992756078691 0.25925968703502256 8.69657731641259 7.579039833885965
0.004558298252957108 0.2501191915693982 10.942828873732312 12.795551588811247
0.0034478359660364962 0.2700270702028429 7.83990941733048 8.842844680338008
0.0023713347395095358 0.2804653303345541 8.1148119230266 10.068193173092457
0.0029411209704809874 0.282508218560549 6.916491458480701 6.010034517624535
0.0016320846130357153 0.2972122170693613 5.542463616575493 1.0
0.0037664019164864665 0.25296486082983605 9.036829142763313 10.339339734201584
0.0024082469370220465 0.27691198865952193 6.397113429735285 1.0
0.004209353350991295 0.010363078628565892 18.806601351294987 15.0
0.002727374102951833 0.2824757583344082 6.336251529539031 3.9049060013040178
0.0028330457150762024 0.28281805085021094 7.053740965736151 8.691291870191167
0.0029849461519443486 0.27720259719417595 6.666174347651744 4.421761159101552
0.003655420094949069 0.25853681666852 9.770592473671027 13.98836230885954
0.004383236916194272 0.2584485435224849 8.968903115418602 10.298806463068594
0.004043786163223511 0.2648871494935737 8.429745857468 9.451019414423081
0.0023570390227181646 0.28989039905626635 6.891310910001712 7.088647820298224
0.0022581459159248265 0.2867215903921424 7.818460318683082 12.227143964791717
0.006168835907353032 0.2510763270211491 10.912958093536629 13.27760043668452
0.002398440733528391 0.28993049891806233 6.2848533873071935 4.183906680147869
0.0007379896027286453 0.386756996421715 4.0649480797417095 4.170796761191358
0.0019054458922505456 0.28577373574228293 6.3969134854239496 5.293880982406017
0.0020567428936580754 0.2867369096529916 6.368469659132672 5.550561876791111
0.002451475268682695 0.28615386731867254 7.499717207119397 11.913034050783676
0.00242985263302099 0.2863824817551962 6.8052975719223925 7.822388495865603
0.003142710779126784 0.27652189076886846 7.616248309515019 9.220533107341968
0.0024159055395542315 0.2887565101386965 6.945723045303745 6.8274147358100015
0.003439483120809752 0.26156832221032456 7.347845354851534 3.7668920258680085
0.0038234038358175215 0.27952615685718296 8.78318243087207 13.803894179631696
0.0026701790424548924 0.28519568283516494 6.527578406371755 3.6187317789284377
0.003369749952643492 0.2725801403627912 8.250625785464644 12.024569238739968
0.0027946334843661565 0.2849157506689206 7.900566247304247 11.684799336097267
0.00507845865488284 0.26265527330341043 7.897814428312867 5.913942372072153
0.0036614169696977715 0.26882904424408394 8.169361172248527 9.667834254485271
0.002816434869060927 0.26888179409751556 8.03314860797719 8.145944187006318
0.0037057359163564043 0.27887376566176525 7.752510949878597 8.326510326095546
0.002908516168022301 0.2776200528166848 6.283075537501206 1.0
0.002623639243124249 0.28462133076452834 7.706890119282573 9.09220148860954
0.001607651107012532 0.31176781151217847 5.752920034994143 3.431917113465384
0.0029335875273751254 0.2750597669790359 7.631799076621056 7.773679773622638
0.0028832691621825455 0.2805719860037713 7.001210949391602 5.636507938942543
0.005833036019205447 0.25153337117441077 9.007092975486337 9.258404662133394
0.005617500685191547 0.24967937455283173 9.641181857985048 8.055880063815842
0.0034713769796205643 0.2656145211221871 7.115627693832695 2.360915317828182
0.0026887138556758016 0.26639335419962373 8.496593314483288 12.18225246073087
0.005536272481827835 0.24140475733400324 8.366920045286843 4.447479864082419
0.001696381705770781 0.3000151694934444 6.045257832839875 4.956612175840515
0.004008570230802285 0.2622578127669999 8.734219107473647 9.23244159676517
0.0024661379068995526 0.27952515326255556 6.825633441595998 4.723441705774952
0.0024322361260129435 0.29282056710202664 7.170972040413237 9.334214116784649
0.0017461159246267353 0.2901351621071647 5.840891075608225 1.0
0.0021757625488831233 0.2905262749538483 6.861162260616412 7.899749967792967
0.0049546081805337695 0.25438235721001534 8.290714775443455 6.364539552483227
0.002886458850402673 0.26711081522098556 7.9816544042387045 7.238783312485317
0.005738223336087114 0.2604635349571026 9.374738815598622 10.807172496190828
0.006405049225456401 0.2574470204908319 9.087400165755735 10.290069596206292
0.0023340892162295257 0.28935847790741087 6.504827032188017 5.045534776123574
0.0026348045467382 0.2812375824223896 7.532372135393413 7.939839275173944
0.002823936817469612 0.27884682483384615 8.316244387526426 11.563653283362381
0.0024457463264771556 0.29239410733413274 6.503912573974264 5.064862946091058
0.002297111107260589 0.2760272878791168 6.855918652622272 4.160312319259286
0.004973218039722703 0.2590553521946093 8.810419288126369 11.59046499735718
0.0013824241245590872 0.3117967220410792 5.374306689421759 2.2799543272042664
0.0019228605101665546 0.2890071399635189 6.467517040719207 3.802744740589464
0.0019471735636116985 0.28787371319508415 6.167247328306337 1.0
0.002385900263972603 0.2893107989323399 5.77122647784943 1.233674024828784
0.00256118708702762 0.28037083965324916 7.1334628829128945 5.788909417165419
0.0022102931797071284 0.28523121933185336 6.538961704581734 4.919243146112514
0.004742513930276407 0.2551899622981175 10.012153521758217 14.414010284125506
0.0032230380425129685 0.2805534367057594 8.458294365511737 11.8957835975432
0.0027087646298220094 0.2782438055022515 7.356374778104029 6.457479962287986
0.0017649950722633235 0.2929652804081839 7.172769018297829 7.698630320489878
0.002725328409517239 0.28259943091329887 7.359092059167686 7.87747491610848
