0.000000000000000000e+00 1.096641895079657290e-03
2.000000000000000000e+00 2.053447819947884674e-03
3.000000000000000000e+00 2.670213508261074561e-03
4.000000000000000000e+00 3.353667998420887045e-03
5.000000000000000000e+00 4.070759681778999758e-03
6.000000000000000000e+00 4.786096931952547352e-03
7.000000000000000000e+00 5.472835708115008149e-03
8.000000000000000000e+00 6.121658338759091399e-03
9.000000000000000000e+00 6.743089133914443624e-03
1.000000000000000000e+01 7.361141596043421081e-03
1.100000000000000000e+01 8.000736312652341128e-03
1.200000000000000000e+01 8.674926671656223165e-03
1.300000000000000000e+01 9.378400194930368999e-03
1.400000000000000000e+01 1.009053885010540580e-02
1.500000000000000000e+01 1.078637332138398901e-02
1.600000000000000000e+01 1.144997928757869946e-02
1.700000000000000000e+01 1.208424253431040520e-02
1.800000000000000000e+01 1.271330065903723480e-02
1.900000000000000000e+01 1.337743524578718403e-02
2.000000000000000000e+01 1.412269621302458290e-02
2.100000000000000000e+01 1.498835637588650203e-02
2.200000000000000000e+01 1.599510423137820089e-02
2.300000000000000000e+01 1.713666356983413117e-02
2.400000000000000000e+01 1.837738330915951457e-02
2.500000000000000000e+01 1.965746059813426247e-02
2.600000000000000000e+01 2.090522344328498913e-02
2.700000000000000000e+01 2.205294536961406940e-02
2.800000000000000000e+01 2.305074019898859308e-02
2.900000000000000000e+01 2.387367466322491694e-02
3.000000000000000000e+01 2.452024277936537544e-02
3.100000000000000000e+01 2.500406751656241919e-02
3.200000000000000000e+01 2.534309911406045640e-02
3.300000000000000000e+01 2.555068625113636471e-02
3.400000000000000000e+01 2.563117628478461807e-02
3.500000000000000000e+01 2.558042957605255810e-02
3.600000000000000000e+01 2.538996740402460831e-02
3.700000000000000000e+01 2.505289470544132951e-02
3.800000000000000000e+01 2.456998098815691214e-02
3.900000000000000000e+01 2.395463136665251791e-02
4.000000000000000000e+01 2.323537256968059156e-02
4.100000000000000000e+01 2.245412189767017480e-02
4.200000000000000000e+01 2.165890046415580930e-02
4.300000000000000000e+01 2.089167090807264246e-02
4.400000000000000000e+01 2.017513810772790170e-02
4.500000000000000000e+01 1.950456909786813312e-02
4.600000000000000000e+01 1.884971392633212270e-02
4.700000000000000000e+01 1.816739901062417242e-02
4.800000000000000000e+01 1.741968663954552785e-02
4.900000000000000000e+01 1.658927232316535424e-02
5.000000000000000000e+01 1.568524223003165199e-02
5.100000000000000000e+01 1.473756599004138849e-02
5.200000000000000000e+01 1.378444649006455892e-02
5.300000000000000000e+01 1.285949921247464718e-02
5.400000000000000000e+01 1.198442288802983521e-02
5.500000000000000000e+01 1.116874786929918095e-02
5.600000000000000000e+01 1.041423212469430419e-02
5.700000000000000000e+01 9.719816439656893403e-03
5.800000000000000000e+01 9.084192495705601181e-03
5.900000000000000000e+01 8.505602163026029436e-03
6.000000000000000000e+01 7.980487022918536510e-03
6.100000000000000000e+01 7.502881981080325793e-03
6.200000000000000000e+01 7.065282933204016652e-03
6.300000000000000000e+01 6.660327376688247175e-03
6.400000000000000000e+01 6.282061085625016868e-03
6.500000000000000000e+01 5.926018215092972857e-03
6.600000000000000000e+01 5.588276379274816075e-03
6.700000000000000000e+01 5.264376413098040448e-03
6.800000000000000000e+01 4.949122398177964802e-03
6.900000000000000000e+01 4.637757219044431195e-03
7.000000000000000000e+01 4.328071123766927437e-03
7.100000000000000000e+01 4.022119065682283612e-03
7.200000000000000000e+01 3.726008050558215438e-03
7.300000000000000000e+01 3.447053360886525360e-03
7.400000000000000000e+01 3.189219491817069357e-03
7.500000000000000000e+01 2.949194298140951631e-03
7.600000000000000000e+01 2.715621104347382825e-03
7.700000000000000000e+01 2.472575882870278914e-03
7.800000000000000000e+01 2.206063035218704983e-03
7.900000000000000000e+01 1.910517606087319470e-03
8.000000000000000000e+01 1.592164655133189530e-03
