5.003126954346466537e-02 2.625123424167157167e-03
1.000625390869293307e-01 2.650842278958316558e-03
1.500938086303940100e-01 2.676280633506315180e-03
2.001250781738586615e-01 2.701444131781937253e-03
2.501563477173233130e-01 2.726338292307315964e-03
3.001876172607880200e-01 2.750968613981118888e-03
3.502188868042526715e-01 2.775340618298827774e-03
4.002501563477173230e-01 2.799459866244022928e-03
4.502814258911819745e-01 2.823331963470323593e-03
5.003126954346466260e-01 2.846962559628657841e-03
5.503439649781113330e-01 2.870357344543477979e-03
6.003752345215760400e-01 2.893522042710318289e-03
6.504065040650406360e-01 2.916462406920710543e-03
7.004377736085053430e-01 2.939184211480918348e-03
7.504690431519699390e-01 2.961693245262486153e-03
8.005003126954346460e-01 2.983995304860685444e-03
8.505315822388993530e-01 3.006096187819591245e-03
9.005628517823639489e-01 3.028001686145933256e-03
9.505941213258286560e-01 3.049717580048247247e-03
1.000625390869293252e+00 3.071249631961614403e-03
1.050656660412758070e+00 3.092603580880213480e-03
1.100687929956222666e+00 3.113785136988159088e-03
1.150719199499687262e+00 3.134799976617183136e-03
1.200750469043152080e+00 3.155653737489913773e-03
1.250781738586616676e+00 3.176352014239223857e-03
1.300813008130081272e+00 3.196900354276643961e-03
1.350844277673545868e+00 3.217304253933670356e-03
1.400875547217010686e+00 3.237569154806166621e-03
1.450906816760475282e+00 3.257700440489074128e-03
1.500938086303939878e+00 3.277703433476133760e-03
1.550969355847404696e+00 3.297583392316639876e-03
1.601000625390869292e+00 3.317345509092695273e-03
1.651031894934333888e+00 3.336994906998013832e-03
1.701063164477798706e+00 3.356536638259427757e-03
1.751094434021263302e+00 3.375975682198026177e-03
1.801125703564727898e+00 3.395316943493379130e-03
1.851156973108192716e+00 3.414565250682583680e-03
1.901188242651657312e+00 3.433725354814798954e-03
1.951219512195121908e+00 3.452801928267620456e-03
2.001250781738586504e+00 3.471799563760191980e-03
2.051282051282051100e+00 3.490722773509121260e-03
2.101313320825516140e+00 3.509575988536705205e-03
2.151344590368980736e+00 3.528363558118783466e-03
2.201375859912445332e+00 3.547089749384905923e-03
2.251407129455909928e+00 3.565758747023221095e-03
2.301438398999374524e+00 3.584374653118637278e-03
2.351469668542839120e+00 3.602941487108399319e-03
2.401500938086304160e+00 3.621463185836032005e-03
2.451532207629768756e+00 3.639943603719524110e-03
2.501563477173233352e+00 3.658386512992496589e-03
2.551594746716697948e+00 3.676795604078646543e-03
2.601626016260162544e+00 3.695174485994753410e-03
2.651657285803627140e+00 3.713526686871093836e-03
2.701688555347091736e+00 3.731855654535320543e-03
2.751719824890556776e+00 3.750164757137599419e-03
2.801751094434021372e+00 3.768457283912187393e-03
2.851782363977485968e+00 3.786736445910460647e-03
2.901813633520950564e+00 3.805005376832308606e-03
2.951844903064415160e+00 3.823267133911475209e-03
3.001876172607879756e+00 3.841524698854841859e-03
3.051907442151344796e+00 3.859780978759506757e-03
3.101938711694809392e+00 3.878038807166302865e-03
3.151969981238273988e+00 3.896300945065726308e-03
3.202001250781738584e+00 3.914570081980016554e-03
3.252032520325203180e+00 3.932848837054761515e-03
3.302063789868667776e+00 3.951139760185407024e-03
3.352095059412132372e+00 3.969445333169148785e-03
3.402126328955597412e+00 3.987767970844135687e-03
3.452157598499062008e+00 4.006110022301657275e-03
3.502188868042526604e+00 4.024473772050730404e-03
3.552220137585991200e+00 4.042861441255675252e-03
3.602251407129455796e+00 4.061275188913390614e-03
3.652282676672920392e+00 4.079717113116320196e-03
3.702313946216385432e+00 4.098189252251941035e-03
3.752345215759850028e+00 4.116693586240336919e-03
3.802376485303314624e+00 4.135232037787641042e-03
3.852407754846779220e+00 4.153806473579181417e-03
3.902439024390243816e+00 4.172418705564650762e-03
3.952470293933708412e+00 4.191070492119525551e-03
4.002501563477173008e+00 4.209763539320714870e-03
4.052532833020637604e+00 4.228499502152401404e-03
4.102564102564102200e+00 4.247279985696016634e-03
4.152595372107566796e+00 4.266106546355118677e-03
4.202626641651032280e+00 4.284980693026329765e-03
4.252657911194496876e+00 4.303903888298829007e-03
4.302689180737961472e+00 4.322877549603069795e-03
4.352720450281426068e+00 4.341903050400761077e-03
4.402751719824890664e+00 4.360981721282812008e-03
4.452782989368355260e+00 4.380114851146613315e-03
4.502814258911819856e+00 4.399303688274950296e-03
4.552845528455284452e+00 4.418549441459333413e-03
4.602876797998749048e+00 4.437853281078910431e-03
4.652908067542213644e+00 4.457216340157166279e-03
4.702939337085678240e+00 4.476639715434482629e-03
4.752970606629142836e+00 4.496124468393100128e-03
4.803001876172608320e+00 4.515671626269398067e-03
4.853033145716072916e+00 4.535282183056635677e-03
4.903064415259537512e+00 4.554957100491844983e-03
4.953095684803002108e+00 4.574697309023673802e-03
5.003126954346466704e+00 4.594503708738975276e-03
5.053158223889931300e+00 4.614377170311620945e-03
5.103189493433395896e+00 4.634318535903701741e-03
5.153220762976860492e+00 4.654328620041353441e-03
5.203252032520325088e+00 4.674408210512784843e-03
5.253283302063789684e+00 4.694558069180639233e-03
5.303314571607254280e+00 4.714778932867331324e-03
5.353345841150718876e+00 4.735071514113458821e-03
5.403377110694183472e+00 4.755436502021891110e-03
5.453408380237648956e+00 4.775874563006658052e-03
5.503439649781113552e+00 4.796386341548188742e-03
5.553470919324578148e+00 4.816972460967584510e-03
5.603502188868042744e+00 4.837633524096183156e-03
5.653533458411507340e+00 4.858370114018097791e-03
5.703564727954971936e+00 4.879182794755645113e-03
5.753595997498436532e+00 4.900072111891302755e-03
5.803627267041901128e+00 4.921038593281695447e-03
5.853658536585365724e+00 4.942082749644646257e-03
5.903689806128830320e+00 4.963205075187489095e-03
5.953721075672294916e+00 4.984406048197287560e-03
6.003752345215759512e+00 5.005686131650108860e-03
6.053783614759224108e+00 5.027045773718740937e-03
6.103814884302689592e+00 5.048485408388306804e-03
6.153846153846154188e+00 5.070005455922738623e-03
6.203877423389618784e+00 5.091606323442305314e-03
6.253908692933083380e+00 5.113288405367875239e-03
6.303939962476547976e+00 5.135052083934979819e-03
6.353971232020012572e+00 5.156897729663462160e-03
6.404002501563477168e+00 5.178825701811248620e-03
6.454033771106941764e+00 5.200836348796394892e-03
6.504065040650406360e+00 5.222930008638173270e-03
6.554096310193870956e+00 5.245107009382282866e-03
6.604127579737335552e+00 5.267367669459436033e-03
6.654158849280800148e+00 5.289712298116915068e-03
6.704190118824264744e+00 5.312141195745424468e-03
6.754221388367730228e+00 5.334654654282093220e-03
6.804252657911194824e+00 5.357252957515106981e-03
6.854283927454659420e+00 5.379936381448633190e-03
6.904315196998124016e+00 5.402705194597940026e-03
6.954346466541588612e+00 5.425559658338447062e-03
7.004377736085053208e+00 5.448500027146898662e-03
7.054409005628517804e+00 5.471526548944078555e-03
7.104440275171982400e+00 5.494639465351835138e-03
7.154471544715446996e+00 5.517839011937435492e-03
7.204502814258911592e+00 5.541125418502321383e-03
7.254534083802376188e+00 5.564498909304243200e-03
7.304565353345840784e+00 5.587959703311120262e-03
7.354596622889305380e+00 5.611508014407302035e-03
7.404627892432770864e+00 5.635144051631565260e-03
7.454659161976235460e+00 5.658868019361159435e-03
7.504690431519700056e+00 5.682680117530767086e-03
7.554721701063164652e+00 5.706580541826065944e-03
7.604752970606629248e+00 5.730569483839227825e-03
7.654784240150093844e+00 5.754647131259305395e-03
7.704815509693558440e+00 5.778813668056288072e-03
7.754846779237023036e+00 5.803069274601683515e-03
7.804878048780487632e+00 5.827414127849393777e-03
7.854909318323952228e+00 5.851848401478511666e-03
7.904940587867416824e+00 5.876372266004386419e-03
7.954971857410881420e+00 5.900985888934111301e-03
8.005003126954346016e+00 5.925689434893458528e-03
8.055034396497811500e+00 5.950483065722073084e-03
8.105065666041275207e+00 5.975366940603576114e-03
8.155096935584740692e+00 6.000341216157593742e-03
8.205128205128204399e+00 6.025406046557164885e-03
8.255159474671669884e+00 6.050561583601725413e-03
8.305190744215133591e+00 6.075807976828176415e-03
8.355222013758599076e+00 6.101145373577516670e-03
8.405253283302064560e+00 6.126573919083702115e-03
8.455284552845528268e+00 6.152093756533929224e-03
8.505315822388993752e+00 6.177705027160666426e-03
8.555347091932457460e+00 6.203407870292420787e-03
8.605378361475922944e+00 6.229202423404517699e-03
8.655409631019386651e+00 6.255088822198421987e-03
8.705440900562852136e+00 6.281067200639828089e-03
8.755472170106315843e+00 6.307137691003078528e-03
8.805503439649781328e+00 6.333300423931458555e-03
8.855534709193245035e+00 6.359555528478446143e-03
8.905565978736710520e+00 6.385903132107717192e-03
8.955597248280174227e+00 6.412343360778818314e-03
9.005628517823639712e+00 6.438876338959862410e-03
9.055659787367105196e+00 6.465502189640220769e-03
9.105691056910568904e+00 6.492221034362256372e-03
9.155722326454034388e+00 6.519032993262578214e-03
9.205753595997498095e+00 6.545938185075208908e-03
9.255784865540963580e+00 6.572936727141111789e-03
9.305816135084427287e+00 6.600028735446262888e-03
9.355847404627892772e+00 6.627214324612139447e-03
9.405878674171356479e+00 6.654493607911576153e-03
9.455909943714821964e+00 6.681866697290984349e-03
9.505941213258285671e+00 6.709333703338622203e-03
9.555972482801751156e+00 6.736894735335358791e-03
9.606003752345216640e+00 6.764549901222948608e-03
9.656035021888680348e+00 6.792299307619892139e-03
9.706066291432145832e+00 6.820143059802402478e-03
9.756097560975609539e+00 6.848081261717091361e-03
9.806128830519075024e+00 6.876114015971455939e-03
9.856160100062538731e+00 6.904241423818009531e-03
9.906191369606004216e+00 6.932463585166971122e-03
9.956222639149467923e+00 6.960780598541849509e-03
1.000625390869293341e+01 6.989192561098470612e-03
1.005628517823639712e+01 7.017699568596427392e-03
1.010631644777986260e+01 7.046301715405422009e-03
1.015634771732332631e+01 7.074999094454494791e-03
1.020637898686679179e+01 7.103791797254238247e-03
1.025641025641025728e+01 7.132679913846021701e-03
1.030644152595372098e+01 7.161663532817858814e-03
1.035647279549718647e+01 7.190742741253640900e-03
1.040650406504065018e+01 7.219917624733126517e-03
1.045653533458411566e+01 7.249188267300217710e-03
1.050656660412757937e+01 7.278554751447088161e-03
1.055659787367104485e+01 7.308017158101492820e-03
1.060662914321450856e+01 7.337575566572824941e-03
1.065666041275797404e+01 7.367230054564802115e-03
1.070669168230143775e+01 7.396980698127873267e-03
1.075672295184490324e+01 7.426827571637002919e-03
1.080675422138836694e+01 7.456770747763114167e-03
1.085678549093183243e+01 7.486810297479430838e-03
1.090681676047529791e+01 7.516946289982153785e-03
1.095684803001876162e+01 7.547178792693625023e-03
1.100687929956222710e+01 7.577507871243292607e-03
1.105691056910569081e+01 7.607933589404249249e-03
1.110694183864915630e+01 7.638456009118606109e-03
1.115697310819262000e+01 7.669075190399140055e-03
1.120700437773608549e+01 7.699791191373699974e-03
1.125703564727954920e+01 7.730604068196369853e-03
1.130706691682301468e+01 7.761513875041114487e-03
1.135709818636647839e+01 7.792520664085916295e-03
1.140712945590994387e+01 7.823624485455657820e-03
1.145716072545340758e+01 7.854825387209420084e-03
1.150719199499687306e+01 7.886123415296073663e-03
1.155722326454033855e+01 7.917518613544737710e-03
1.160725453408380226e+01 7.949011023598160502e-03
1.165728580362726774e+01 7.980600684928573080e-03
1.170731707317073145e+01 8.012287634752018189e-03
1.175734834271419693e+01 8.044071908044216068e-03
1.180737961225766064e+01 8.075953537480261984e-03
1.185741088180112612e+01 8.107932553415606730e-03
1.190744215134458983e+01 8.140008983841607801e-03
1.195747342088805532e+01 8.172182854369682697e-03
1.200750469043151902e+01 8.204454188177355556e-03
1.205753595997498451e+01 8.236823006005075665e-03
1.210756722951844822e+01 8.269289326089593675e-03
1.215759849906191370e+01 8.301853164160783588e-03
1.220762976860537918e+01 8.334514533394031532e-03
1.225766103814884289e+01 8.367273444369008328e-03
1.230769230769230838e+01 8.400129905066465452e-03
1.235772357723577208e+01 8.433083920801625125e-03
1.240775484677923757e+01 8.466135494211468257e-03
1.245778611632270128e+01 8.499284625223009829e-03
1.250781738586616676e+01 8.532531311008872618e-03
1.255784865540963047e+01 8.565875545949204820e-03
1.260787992495309595e+01 8.599317321638029130e-03
1.265791119449655966e+01 8.632856626781697240e-03
1.270794246404002514e+01 8.666493447246494120e-03
1.275797373358348885e+01 8.700227765957085566e-03
1.280800500312695434e+01 8.734059562902863824e-03
1.285803627267041982e+01 8.767988815090360655e-03
1.290806754221388353e+01 8.802015496521020319e-03
1.295809881175734901e+01 8.836139578137265291e-03
1.300813008130081272e+01 8.870361027816140234e-03
1.305816135084427820e+01 8.904679810318548785e-03
1.310819262038774191e+01 8.939095887263858939e-03
1.315822388993120740e+01 8.973609217098180157e-03
1.320825515947467110e+01 9.008219755046752153e-03
1.325828642901813659e+01 9.042927453107607941e-03
1.330831769856160030e+01 9.077732259994454600e-03
1.335834896810506578e+01 9.112634121120802289e-03
1.340838023764852949e+01 9.147632978558712519e-03
1.345841150719199497e+01 9.182728770997548168e-03
1.350844277673546046e+01 9.217921433753497110e-03
1.355847404627892416e+01 9.253210898661665476e-03
1.360850531582238965e+01 9.288597094126873829e-03
1.365853658536585336e+01 9.324079945028434721e-03
1.370856785490931884e+01 9.359659372726520862e-03
1.375859912445278255e+01 9.395335294998682918e-03
1.380863039399624803e+01 9.431107626049376608e-03
1.385866166353971174e+01 9.466976276421117109e-03
1.390869293308317722e+01 9.502941153026193272e-03
1.395872420262664093e+01 9.539002159057842836e-03
1.400875547217010642e+01 9.575159193993399223e-03
1.405878674171357012e+01 9.611412153553058890e-03
1.410881801125703561e+01 9.647760929664964819e-03
1.415884928080050109e+01 9.684205410430302141e-03
1.420888055034396480e+01 9.720745480097913935e-03
1.425891181988743028e+01 9.757381019042089820e-03
1.430894308943089399e+01 9.794111903708616063e-03
1.435897435897435948e+01 9.830938006595742185e-03
1.440900562851782318e+01 9.867859196231957425e-03
1.445903689806128867e+01 9.904875337118883641e-03
1.450906816760475238e+01 9.941986289721751677e-03
1.455909943714821786e+01 9.979191910434490054e-03
1.460913070669168157e+01 1.001649205154482754e-02
1.465916197623514705e+01 1.005388656119938183e-02
1.470919324577861076e+01 1.009137528337827362e-02
1.475922451532207624e+01 1.012895805786339677e-02
1.480925578486554173e+01 1.016663472021620343e-02
1.485928705440900544e+01 1.020440510171106464e-02
1.490931832395247092e+01 1.024226902935748695e-02
1.495934959349593463e+01 1.028022632583664234e-02
1.500938086303940011e+01 1.031827680946646557e-02
1.505941213258286382e+01 1.035642029417943762e-02
1.510944340212632930e+01 1.039465658951307589e-02
1.515947467166979301e+01 1.043298550054327922e-02
1.520950594121325850e+01 1.047140682787165225e-02
1.525953721075672220e+01 1.050992036759693105e-02
1.530956848030018769e+01 1.054852591128643477e-02
1.535959974984365140e+01 1.058722324593163247e-02
1.540963101938711688e+01 1.062601215394180440e-02
1.545966228893058236e+01 1.066489241307105006e-02
1.550969355847404607e+01 1.070386379645636363e-02
1.555972482801751156e+01 1.074292607251928038e-02
1.560975609756097526e+01 1.078207900498172160e-02
1.565978736710444075e+01 1.082132235280571821e-02
1.570981863664790446e+01 1.086065587018705293e-02
1.575984990619136994e+01 1.090007930651719359e-02
1.580988117573483365e+01 1.093959240635472042e-02
1.585991244527829913e+01 1.097919490939043043e-02
1.590994371482176284e+01 1.101888655042829006e-02
1.595997498436522832e+01 1.105866705933467031e-02
1.601000625390869203e+01 1.109853616105103795e-02
1.606003752345215929e+01 1.113849357552413460e-02
1.611006879299562300e+01 1.117853901769329771e-02
1.616010006253908671e+01 1.121867219745871502e-02
1.621013133208255041e+01 1.125889281966240170e-02
1.626016260162601768e+01 1.129920058405010051e-02
1.631019387116948138e+01 1.133959518524273700e-02
1.636022514071294509e+01 1.138007631272054850e-02
1.641025641025640880e+01 1.142064365076913765e-02
1.646028767979987606e+01 1.146129687848581810e-02
1.651031894934333977e+01 1.150203566972250735e-02
1.656035021888680348e+01 1.154285969307618925e-02
1.661038148843026718e+01 1.158376861185083859e-02
1.666041275797373444e+01 1.162476208403205417e-02
1.671044402751719815e+01 1.166583976226799081e-02
1.676047529706066186e+01 1.170700129383447224e-02
1.681050656660412912e+01 1.174824632060643068e-02
1.686053783614759283e+01 1.178957447903885430e-02
1.691056910569105654e+01 1.183098540014142046e-02
1.696060037523452024e+01 1.187247870942452661e-02
1.701063164477798750e+01 1.191405402692153129e-02
1.706066291432145121e+01 1.195571096712525969e-02
1.711069418386491492e+01 1.199744913896899114e-02
1.716072545340837863e+01 1.203926814580104886e-02
1.721075672295184589e+01 1.208116758538164796e-02
1.726078799249530960e+01 1.212314704983210104e-02
1.731081926203877330e+01 1.216520612559041786e-02
1.736085053158224056e+01 1.220734439345253636e-02
1.741088180112570427e+01 1.224956142847713481e-02
1.746091307066916798e+01 1.229185680000467046e-02
1.751094434021263169e+01 1.233423007161612260e-02
1.756097560975609895e+01 1.237668080110444074e-02
1.761100687929956266e+01 1.241920854048088677e-02
1.766103814884302636e+01 1.246181283589887362e-02
1.771106941838649007e+01 1.250449322767618714e-02
1.776110068792995733e+01 1.254724925024737654e-02
1.781113195747342104e+01 1.259008043216693074e-02
1.786116322701688475e+01 1.263298629603947475e-02
1.791119449656034845e+01 1.267596635855149610e-02
1.796122576610381572e+01 1.271902013040469848e-02
1.801125703564727942e+01 1.276214711631918665e-02
1.806128830519074313e+01 1.280534681501442618e-02
1.811131957473421039e+01 1.284861871915211722e-02
1.816135084427767410e+01 1.289196231536158567e-02
1.821138211382113781e+01 1.293537708419535866e-02
1.826141338336460151e+01 1.297886250009742601e-02
1.831144465290806878e+01 1.302241803140959629e-02
1.836147592245153248e+01 1.306604314032705667e-02
1.841150719199499619e+01 1.310973728289521918e-02
1.846153846153845990e+01 1.315349990897479379e-02
1.851156973108192716e+01 1.319733046223546188e-02
1.856160100062539087e+01 1.324122838013046949e-02
1.861163227016885457e+01 1.328519309387760777e-02
1.866166353971232184e+01 1.332922402845285355e-02
1.871169480925578554e+01 1.337332060253960432e-02
1.876172607879924925e+01 1.341748222855087755e-02
1.881175734834271296e+01 1.346170831258173585e-02
1.886178861788618022e+01 1.350599825440608817e-02
1.891181988742964393e+01 1.355035144745766681e-02
1.896185115697310763e+01 1.359476727881733099e-02
1.901188242651657134e+01 1.363924512917498097e-02
1.906191369606003860e+01 1.368378437285812550e-02
1.911194496560350231e+01 1.372838437775889334e-02
1.916197623514696602e+01 1.377304450536576651e-02
1.921200750469043328e+01 1.381776411073501985e-02
1.926203877423389699e+01 1.386254254245264210e-02
1.931207004377736070e+01 1.390737914266289808e-02
1.936210131332082440e+01 1.395227324701437711e-02
1.941213258286429166e+01 1.399722418467903851e-02
1.946216385240775537e+01 1.404223127830144142e-02
1.951219512195121908e+01 1.408729384403363538e-02
1.956222639149468279e+01 1.413241119148123982e-02
1.961225766103815005e+01 1.417758262372246190e-02
1.966228893058161376e+01 1.422280743726050262e-02
1.971232020012507746e+01 1.426808492205847156e-02
1.976235146966854117e+01 1.431341436149495723e-02
1.981238273921200843e+01 1.435879503236084029e-02
1.986241400875547214e+01 1.440422620485614681e-02
1.991244527829893585e+01 1.444970714257097846e-02
1.996247654784240311e+01 1.449523710249188933e-02
2.001250781738586682e+01 1.454081533497964332e-02
2.006253908692933052e+01 1.458644108377558750e-02
2.011257035647279423e+01 1.463211358596038306e-02
2.016260162601626149e+01 1.467783207200160436e-02
2.021263289555972520e+01 1.472359576569028453e-02
2.026266416510318891e+01 1.476940388418215670e-02
2.031269543464665261e+01 1.481525563795640932e-02
2.036272670419011988e+01 1.486115023083154664e-02
2.041275797373358358e+01 1.490708685996222291e-02
2.046278924327704729e+01 1.495306471581067144e-02
2.051282051282051455e+01 1.499908298216575710e-02
2.056285178236397826e+01 1.504514083614614042e-02
2.061288305190744197e+01 1.509123744816854955e-02
2.066291432145090567e+01 1.513737198197633894e-02
2.071294559099437294e+01 1.518354359461092200e-02
2.076297686053783664e+01 1.522975143643717430e-02
2.081300813008130035e+01 1.527599465111803209e-02
2.086303939962476406e+01 1.532227237563671234e-02
2.091307066916823132e+01 1.536858374027767066e-02
2.096310193871169503e+01 1.541492786864564167e-02
2.101313320825515873e+01 1.546130387765612055e-02
2.106316447779862244e+01 1.550771087752266485e-02
2.111319574734208970e+01 1.555414797180767333e-02
2.116322701688555341e+01 1.560061425737478344e-02
2.121325828642901712e+01 1.564710882441426240e-02
2.126328955597248438e+01 1.569363075645568636e-02
2.131332082551594809e+01 1.574017913035843930e-02
2.136335209505941179e+01 1.578675301631487365e-02
2.141338336460287550e+01 1.583335147787887087e-02
2.146341463414634276e+01 1.587997357195633161e-02
2.151344590368980647e+01 1.592661834880198385e-02
2.156347717323327018e+01 1.597328485205430984e-02
2.161350844277673389e+01 1.601997211872601204e-02
2.166353971232020115e+01 1.606667917921036220e-02
2.171357098186366485e+01 1.611340505731293643e-02
2.176360225140712856e+01 1.616014877023892737e-02
2.181363352095059582e+01 1.620690932861534525e-02
2.186366479049405953e+01 1.625368573649736692e-02
2.191369606003752324e+01 1.630047699138738662e-02
2.196372732958098695e+01 1.634728208425404242e-02
2.201375859912445421e+01 1.639409999952587751e-02
2.206378986866791791e+01 1.644092971512307530e-02
2.211382113821138162e+01 1.648777020245744199e-02
2.216385240775484533e+01 1.653462042648002131e-02
2.221388367729831259e+01 1.658147934564936990e-02
2.226391494684177630e+01 1.662834591200134868e-02
2.231394621638524001e+01 1.667521907111422369e-02
2.236397748592870371e+01 1.672209776217848873e-02
2.241400875547217098e+01 1.676898091797780765e-02
2.246404002501563468e+01 1.681586746491758530e-02
2.251407129455909839e+01 1.686275632307257522e-02
2.256410256410256565e+01 1.690964640616464398e-02
2.261413383364602936e+01 1.695653662161356046e-02
2.266416510318949307e+01 1.700342587056872384e-02
2.271419637273295677e+01 1.705031304789329100e-02
2.276422764227642404e+01 1.709719704223083489e-02
2.281425891181988774e+01 1.714407673599579324e-02
2.286429018136335145e+01 1.719095100543696977e-02
2.291432145090681516e+01 1.723781872062480486e-02
2.296435272045028242e+01 1.728467874549900751e-02
2.301438398999374613e+01 1.733152993790660831e-02
2.306441525953720983e+01 1.737837114959880913e-02
2.311444652908067710e+01 1.742520122629759652e-02
2.316447779862414080e+01 1.747201900770211161e-02
2.321450906816760451e+01 1.751882332752037127e-02
2.326454033771106822e+01 1.756561301351369092e-02
2.331457160725453548e+01 1.761238688751890630e-02
2.336460287679799919e+01 1.765914376548327266e-02
2.341463414634146289e+01 1.770588245750254544e-02
2.346466541588492660e+01 1.775260176784954763e-02
2.351469668542839386e+01 1.779930049502492090e-02
2.356472795497185757e+01 1.784597743176032439e-02
2.361475922451532128e+01 1.789263136510092778e-02
2.366479049405878499e+01 1.793926107641174647e-02
2.371482176360225225e+01 1.798586534141892110e-02
2.376485303314571595e+01 1.803244293025411255e-02
2.381488430268917966e+01 1.807899260750213052e-02
2.386491557223264692e+01 1.812551313224215754e-02
2.391494684177611063e+01 1.817200325806046790e-02
2.396497811131957434e+01 1.821846173314243048e-02
2.401500938086303805e+01 1.826488730026300591e-02
2.406504065040650531e+01 1.831127869688510545e-02
2.411507191994996901e+01 1.835763465515325571e-02
2.416510318949343272e+01 1.840395390197609518e-02
2.421513445903689643e+01 1.845023515906127343e-02
2.426516572858036369e+01 1.849647714295038145e-02
2.431519699812382740e+01 1.854267856509508178e-02
2.436522826766729111e+01 1.858883813186982051e-02
2.441525953721075837e+01 1.863495454466702200e-02
2.446529080675422207e+01 1.868102649990024955e-02
2.451532207629768578e+01 1.872705268909624632e-02
2.456535334584114949e+01 1.877303179891396875e-02
2.461538461538461675e+01 1.881896251122708655e-02
2.466541588492808046e+01 1.886484350315889916e-02
2.471544715447154417e+01 1.891067344714262091e-02
2.476547842401500787e+01 1.895645101097848811e-02
2.481550969355847513e+01 1.900217485788455868e-02
2.486554096310193884e+01 1.904784364656650353e-02
2.491557223264540255e+01 1.909345603126203980e-02
2.496560350218886626e+01 1.913901066180756505e-02
2.501563477173233352e+01 1.918450618370161689e-02
2.506566604127579723e+01 1.922994123814297796e-02
2.511569731081926093e+01 1.927531446212583932e-02
2.516572858036272820e+01 1.932062448848425457e-02
2.521575984990619190e+01 1.936586994594606190e-02
2.526579111944965561e+01 1.941104945921858643e-02
2.531582238899311932e+01 1.945616164902352202e-02
2.536585365853658658e+01 1.950120513220484145e-02
2.541588492808005029e+01 1.954617852174782636e-02
2.546591619762351399e+01 1.959108042689013118e-02
2.551594746716697770e+01 1.963590945314717257e-02
2.556597873671044496e+01 1.968066420241685113e-02
2.561601000625390867e+01 1.972534327303030952e-02
2.566604127579737238e+01 1.976994525982810752e-02
2.571607254534083964e+01 1.981446875422050030e-02
2.576610381488430335e+01 1.985891234428899602e-02
2.581613508442776705e+01 1.990327461480537879e-02
2.586616635397123076e+01 1.994755414737769614e-02
2.591619762351469802e+01 1.999174952045342304e-02
2.596622889305816173e+01 2.003585930943370050e-02
2.601626016260162544e+01 2.007988208675901345e-02
2.606629143214508915e+01 2.012381642194092587e-02
2.611632270168855641e+01 2.016766088169852020e-02
2.616635397123202011e+01 2.021141402996476724e-02
2.621638524077548382e+01 2.025507442804833774e-02
2.626641651031895108e+01 2.029864063464314333e-02
2.631644777986241479e+01 2.034211120593937619e-02
2.636647904940587850e+01 2.038548469570603330e-02
2.641651031894934221e+01 2.042875965537977248e-02
2.646654158849280947e+01 2.047193463410931086e-02
2.651657285803627317e+01 2.051500817889508402e-02
2.656660412757973688e+01 2.055797883461460071e-02
2.661663539712320059e+01 2.060084514416525570e-02
2.666666666666666785e+01 2.064360564850558147e-02
2.671669793621013156e+01 2.068625888675361402e-02
2.676672920575359527e+01 2.072880339629162155e-02
2.681676047529705897e+01 2.077123771283272483e-02
2.686679174484052623e+01 2.081356037051928717e-02
2.691682301438398994e+01 2.085576990199905847e-02
2.696685428392745365e+01 2.089786483854259511e-02
2.701688555347092091e+01 2.093984371010037746e-02
2.706691682301438462e+01 2.098170504542973269e-02
2.711694809255784833e+01 2.102344737215196963e-02
2.716697936210131203e+01 2.106506921686341835e-02
2.721701063164477929e+01 2.110656910522113600e-02
2.726704190118824300e+01 2.114794556206029894e-02
2.731707317073170671e+01 2.118919711144497814e-02
2.736710444027517042e+01 2.123032227680776707e-02
2.741713570981863768e+01 2.127131958101324133e-02
2.746716697936210139e+01 2.131218754647856012e-02
2.751719824890556509e+01 2.135292469524959283e-02
2.756722951844903235e+01 2.139352954910566512e-02
2.761726078799249606e+01 2.143400062967378006e-02
2.766729205753595977e+01 2.147433645849844419e-02
2.771732332707942348e+01 2.151453555717492555e-02
2.776735459662289074e+01 2.155459644740004982e-02
2.781738586616635445e+01 2.159451765114035401e-02
2.786741713570981815e+01 2.163429769067019837e-02
2.791744840525328186e+01 2.167393508870818150e-02
2.796747967479674912e+01 2.171342836851238023e-02
2.801751094434021283e+01 2.175277605397233152e-02
2.806754221388367654e+01 2.179197666974233213e-02
2.811757348342714025e+01 2.183102874129539198e-02
2.816760475297060751e+01 2.186993079507869656e-02
2.821763602251407121e+01 2.190868135858028282e-02
2.826766729205753492e+01 2.194727896045910176e-02
2.831769856160100218e+01 2.198572213064341890e-02
2.836772983114446589e+01 2.202400940042283442e-02
2.841776110068792960e+01 2.206213930258155154e-02
2.846779237023139331e+01 2.210011037147770196e-02
2.851782363977486057e+01 2.213792114316396817e-02
2.856785490931832427e+01 2.217557015551445063e-02
2.861788617886178798e+01 2.221305594828502927e-02
2.866791744840525169e+01 2.225037706327513687e-02
2.871794871794871895e+01 2.228753204439445218e-02
2.876797998749218266e+01 2.232451943779295914e-02
2.881801125703564637e+01 2.236133779198156216e-02
2.886804252657911363e+01 2.239798565790505555e-02
2.891807379612257733e+01 2.243446158910395588e-02
2.896810506566604104e+01 2.247076414176847267e-02
2.901813633520950475e+01 2.250689187489396392e-02
2.906816760475297201e+01 2.254284335037298401e-02
2.911819887429643572e+01 2.257861713311586777e-02
2.916823014383989943e+01 2.261421179113956917e-02
2.921826141338336313e+01 2.264962589571046028e-02
2.926829268292683039e+01 2.268485802144588892e-02
2.931832395247029410e+01 2.271990674641571201e-02
2.936835522201375781e+01 2.275477065226922183e-02
2.941838649155722152e+01 2.278944832433036499e-02
2.946841776110068878e+01 2.282393835173416111e-02
2.951844903064415249e+01 2.285823932753144883e-02
2.956848030018761619e+01 2.289234984879358684e-02
2.961851156973108345e+01 2.292626851672988075e-02
2.966854283927454716e+01 2.295999393680179038e-02
2.971857410881801087e+01 2.299352471885307558e-02
2.976860537836147458e+01 2.302685947718909748e-02
2.981863664790494184e+01 2.305999683072595605e-02
2.986866791744840555e+01 2.309293540308889059e-02
2.991869918699186925e+01 2.312567382271381658e-02
2.996873045653533296e+01 2.315821072299325753e-02
3.001876172607880022e+01 2.319054474236208890e-02
3.006879299562226393e+01 2.322267452441806324e-02
3.011882426516572764e+01 2.325459871805830164e-02
3.016885553470919490e+01 2.328631597755223548e-02
3.021888680425265861e+01 2.331782496269715205e-02
3.026891807379612231e+01 2.334912433891016964e-02
3.031894934333958602e+01 2.338021277733933270e-02
3.036898061288305328e+01 2.341108895500004436e-02
3.041901188242651699e+01 2.344175155485122772e-02
3.046904315196998070e+01 2.347219926595082995e-02
3.051907442151344441e+01 2.350243078355418111e-02
3.056910569105691167e+01 2.353244480920283627e-02
3.061913696060037537e+01 2.356224005087375131e-02
3.066916823014383908e+01 2.359181522308712725e-02
3.071919949968730279e+01 2.362116904699213676e-02
3.076923076923077005e+01 2.365030025050650700e-02
3.081926203877423376e+01 2.367920756842445060e-02
3.086929330831769747e+01 2.370788974251498288e-02
3.091932457786116473e+01 2.373634552166160525e-02
3.096935584740462843e+01 2.376457366194476700e-02
3.101938711694809214e+01 2.379257292676881935e-02
3.106941838649155585e+01 2.382034208696672331e-02
3.111944965603502311e+01 2.384787992092698636e-02
3.116948092557848682e+01 2.387518521468248375e-02
3.121951219512195053e+01 2.390225676203110508e-02
3.126954346466541423e+01 2.392909336465628284e-02
3.131957473420888149e+01 2.395569383220950976e-02
3.136960600375234520e+01 2.398205698244363152e-02
3.141963727329580891e+01 2.400818164132707128e-02
3.146966854283927617e+01 2.403406664311047436e-02
3.151969981238273988e+01 2.405971083049488965e-02
3.156973108192620359e+01 2.408511305467618199e-02
3.161976235146966729e+01 2.411027217551324833e-02
3.166979362101313455e+01 2.413518706158509358e-02
3.171982489055659826e+01 2.415985659032097305e-02
3.176985616010006197e+01 2.418427964810190844e-02
3.181988742964352568e+01 2.420845513037494720e-02
3.186991869918699294e+01 2.423238194172612839e-02
3.191994996873045665e+01 2.425605899602647011e-02
3.196998123827392035e+01 2.427948521650493893e-02
3.202001250781738406e+01 2.430265953585953112e-02
3.207004377736085132e+01 2.432558089635879217e-02
3.212007504690431858e+01 2.434824824995608997e-02
3.217010631644777874e+01 2.437066055836890552e-02
3.222013758599124600e+01 2.439281679319310961e-02
3.227016885553470615e+01 2.441471593598543502e-02
3.232020012507817341e+01 2.443635697839677268e-02
3.237023139462164067e+01 2.445773892222612156e-02
3.242026266416510083e+01 2.447886077955701081e-02
3.247029393370856809e+01 2.449972157282735014e-02
3.252032520325203535e+01 2.452032033492776084e-02
3.257035647279549551e+01 2.454065610931903396e-02
3.262038774233896277e+01 2.456072795009236684e-02
3.267041901188243003e+01 2.458053492209633442e-02
3.272045028142589018e+01 2.460007610099400333e-02
3.277048155096935744e+01 2.461935057339302221e-02
3.282051282051281760e+01 2.463835743690909186e-02
3.287054409005628486e+01 2.465709580025480727e-02
3.292057535959975212e+01 2.467556478334759218e-02
3.297060662914321227e+01 2.469376351738895164e-02
3.302063789868667953e+01 2.471169114493754551e-02
3.307066916823014679e+01 2.472934682001383042e-02
3.312070043777360695e+01 2.474672970818897477e-02
3.317073170731707421e+01 2.476383898664509531e-02
3.322076297686053437e+01 2.478067384427683553e-02
3.327079424640400163e+01 2.479723348177704373e-02
3.332082551594746889e+01 2.481351711169704419e-02
3.337085678549092904e+01 2.482952395855136593e-02
3.342088805503439630e+01 2.484525325887804864e-02
3.347091932457786356e+01 2.486070426133065239e-02
3.352095059412132372e+01 2.487587622674488144e-02
3.357098186366479098e+01 2.489076842823063906e-02
3.362101313320825824e+01 2.490538015121009779e-02
3.367104440275171839e+01 2.491971069354461527e-02
3.372107567229518565e+01 2.493375936556331551e-02
3.377110694183864581e+01 2.494752549015508483e-02
3.382113821138211307e+01 2.496100840282890199e-02
3.387116948092558033e+01 2.497420745180898780e-02
3.392120075046904049e+01 2.498712199805390791e-02
3.397123202001250775e+01 2.499975141537074536e-02
3.402126328955597501e+01 2.501209509046273607e-02
3.407129455909943516e+01 2.502415242298955747e-02
3.412132582864290242e+01 2.503592282563714064e-02
3.417135709818636968e+01 2.504740572417159944e-02
3.422138836772982984e+01 2.505860055751541263e-02
3.427141963727329710e+01 2.506950677778548020e-02
3.432145090681675725e+01 2.508012385037881875e-02
3.437148217636022451e+01 2.509045125400111848e-02
3.442151344590369177e+01 2.510048848074289060e-02
3.447154471544715193e+01 2.511023503612707167e-02
3.452157598499061919e+01 2.511969043915980929e-02
3.457160725453408645e+01 2.512885422238755537e-02
3.462163852407754661e+01 2.513772593193834906e-02
3.467166979362101387e+01 2.514630512758207065e-02
3.472170106316448113e+01 2.515459138277490250e-02
3.477173233270794128e+01 2.516258428471009403e-02
3.482176360225140854e+01 2.517028343434014881e-02
3.487179487179486870e+01 2.517768844645936616e-02
3.492182614133833596e+01 2.518479894971650118e-02
3.497185741088180322e+01 2.519161458665605119e-02
3.502188868042526337e+01 2.519813501378802972e-02
3.507191994996873063e+01 2.520435990158482673e-02
3.512195121951219789e+01 2.521028893455099298e-02
3.517198248905565805e+01 2.521592181123596607e-02
3.522201375859912531e+01 2.522125824428480406e-02
3.527204502814259257e+01 2.522629796046359577e-02
3.532207629768605273e+01 2.523104070069754137e-02
3.537210756722951999e+01 2.523548622007728767e-02
3.542213883677298014e+01 2.523963428792556224e-02
3.547217010631644740e+01 2.524348468779085905e-02
3.552220137585991466e+01 2.524703721748547056e-02
3.557223264540337482e+01 2.525029168911090138e-02
3.562226391494684208e+01 2.525324792908009361e-02
3.567229518449030934e+01 2.525590577814277801e-02
3.572232645403376949e+01 2.525826509138550877e-02
3.577235772357723675e+01 2.526032573826971286e-02
3.582238899312069691e+01 2.526208760265074779e-02
3.587242026266416417e+01 2.526355058277473045e-02
3.592245153220763143e+01 2.526471459130073816e-02
3.597248280175109159e+01 2.526557955532937258e-02
3.602251407129455885e+01 2.526614541637737382e-02
3.607254534083802611e+01 2.526641213041887213e-02
3.612257661038148626e+01 2.526637966788223069e-02
3.617260787992495352e+01 2.526604801365635311e-02
3.622263914946842078e+01 2.526541716708754701e-02
3.627267041901188094e+01 2.526448714200173543e-02
3.632270168855534820e+01 2.526325796668221421e-02
3.637273295809880835e+01 2.526172968389189116e-02
3.642276422764227561e+01 2.525990235086058439e-02
3.647279549718574287e+01 2.525777603926915998e-02
3.652282676672920303e+01 2.525535083528126362e-02
3.657285803627267029e+01 2.525262683950522946e-02
3.662288930581613755e+01 2.524960416699409058e-02
3.667292057535959771e+01 2.524628294724242175e-02
3.672295184490306497e+01 2.524266332417678116e-02
3.677298311444653223e+01 2.523874545613987927e-02
3.682301438398999238e+01 2.523452951587153159e-02
3.687304565353345964e+01 2.523001569050229223e-02
3.692307692307691980e+01 2.522520418154077307e-02
3.697310819262038706e+01 2.522009520483558392e-02
3.702313946216385432e+01 2.521468899059117405e-02
3.707317073170731447e+01 2.520898578330119447e-02
3.712320200125078173e+01 2.520298584176755216e-02
3.717323327079424899e+01 2.519668943905279540e-02
3.722326454033770915e+01 2.519009686246426530e-02
3.727329580988117641e+01 2.518320841352234343e-02
3.732332707942464367e+01 2.517602440793508672e-02
3.737335834896810383e+01 2.516854517556646464e-02
3.742338961851157109e+01 2.516077106040149822e-02
3.747342088805503124e+01 2.515270242053033872e-02
3.752345215759849850e+01 2.514433962809438025e-02
3.757348342714196576e+01 2.513568306925447610e-02
3.762351469668542592e+01 2.512673314416874817e-02
3.767354596622889318e+01 2.511749026693231232e-02
3.772357723577236044e+01 2.510795486554868658e-02
3.777360850531582059e+01 2.509812738189490244e-02
3.782363977485928785e+01 2.508800827166755495e-02
3.787367104440275511e+01 2.507759800434473940e-02
3.792370231394621527e+01 2.506689706313206326e-02
3.797373358348968253e+01 2.505590594493097359e-02
3.802376485303314269e+01 2.504462516026889282e-02
3.807379612257660995e+01 2.503305523328020615e-02
3.812382739212007721e+01 2.502119670161740903e-02
3.817385866166353736e+01 2.500905011643522399e-02
3.822388993120700462e+01 2.499661604230812156e-02
3.827392120075047188e+01 2.498389505718904419e-02
3.832395247029393204e+01 2.497088775235548064e-02
3.837398373983739930e+01 2.495759473233962605e-02
3.842401500938086656e+01 2.494401661488081234e-02
3.847404627892432671e+01 2.493015403085886705e-02
3.852407754846779397e+01 2.491600762423062249e-02
3.857410881801125413e+01 2.490157805197917504e-02
3.862414008755472139e+01 2.488686598403452160e-02
3.867417135709818865e+01 2.487187210320695313e-02
3.872420262664164881e+01 2.485659710514578902e-02
3.877423389618511607e+01 2.484104169823146691e-02
3.882426516572858333e+01 2.482520660354066780e-02
3.887429643527204348e+01 2.480909255476379874e-02
3.892432770481551074e+01 2.479270029811930787e-02
3.897435897435897090e+01 2.477603059230609750e-02
3.902439024390243816e+01 2.475908420840830515e-02
3.907442151344590542e+01 2.474186192983504617e-02
3.912445278298936557e+01 2.472436455223153001e-02
3.917448405253283283e+01 2.470659288340609078e-02
3.922451532207630009e+01 2.468854774326037851e-02
3.927454659161976025e+01 2.467022996369413329e-02
3.932457786116322751e+01 2.465164038853542502e-02
3.937460913070669477e+01 2.463277987344857783e-02
3.942464040025015493e+01 2.461364928586756012e-02
3.947467166979362219e+01 2.459424950488491371e-02
3.952470293933708234e+01 2.457458142120414607e-02
3.957473420888054960e+01 2.455464593700964343e-02
3.962476547842401686e+01 2.453444396592224103e-02
3.967479674796747702e+01 2.451397643288178579e-02
3.972482801751094428e+01 2.449324427405197985e-02
3.977485928705441154e+01 2.447224843676957737e-02
3.982489055659787169e+01 2.445098987941430463e-02
3.987492182614133895e+01 2.442946957132632532e-02
3.992495309568480621e+01 2.440768849272694288e-02
3.997498436522826637e+01 2.438564763460750184e-02
4.002501563477173363e+01 2.436334799864056655e-02
4.007504690431519379e+01 2.434079059709740034e-02
4.012507817385866105e+01 2.431797645272103583e-02
4.017510944340212831e+01 2.429490659865012406e-02
4.022514071294558846e+01 2.427158207833007147e-02
4.027517198248905572e+01 2.424800394537977508e-02
4.032520325203252298e+01 2.422417326352814884e-02
4.037523452157598314e+01 2.420009110648719403e-02
4.042526579111945040e+01 2.417575855786632810e-02
4.047529706066291766e+01 2.415117671105813241e-02
4.052532833020637781e+01 2.412634666914317480e-02
4.057535959974984507e+01 2.410126954478527747e-02
4.062539086929330523e+01 2.407594646012044953e-02
4.067542213883677249e+01 2.405037854666170621e-02
4.072545340838023975e+01 2.402456694517846394e-02
4.077548467792369991e+01 2.399851280561087277e-02
4.082551594746716717e+01 2.397221728693972945e-02
4.087554721701063443e+01 2.394568155709758325e-02
4.092557848655409458e+01 2.391890679284820048e-02
4.097560975609756184e+01 2.389189417968181489e-02
4.102564102564102910e+01 2.386464491170088922e-02
4.107567229518448926e+01 2.383716019152493787e-02
4.112570356472795652e+01 2.380944123014771749e-02
4.117573483427141667e+01 2.378148924687059976e-02
4.122576610381488393e+01 2.375330546914387886e-02
4.127579737335835119e+01 2.372489113250016504e-02
4.132582864290181135e+01 2.369624748040522963e-02
4.137585991244527861e+01 2.366737576415011216e-02
4.142589118198874587e+01 2.363827724276543543e-02
4.147592245153220603e+01 2.360895318287545633e-02
4.152595372107567329e+01 2.357940485859015556e-02
4.157598499061913344e+01 2.354963355140369044e-02
4.162601626016260070e+01 2.351964055007383855e-02
4.167604752970606796e+01 2.348942715049503333e-02
4.172607879924952812e+01 2.345899465559367000e-02
4.177611006879299538e+01 2.342834437521068569e-02
4.182614133833646264e+01 2.339747762597462269e-02
4.187617260787992279e+01 2.336639573120961877e-02
4.192620387742339005e+01 2.333510002078624523e-02
4.197623514696685731e+01 2.330359183102633305e-02
4.202626641651031747e+01 2.327187250457285125e-02
4.207629768605378473e+01 2.323994339028835621e-02
4.212632895559724489e+01 2.320780584311538802e-02
4.217636022514071215e+01 2.317546122398444000e-02
4.222639149468417941e+01 2.314291089965845108e-02
4.227642276422763956e+01 2.311015624265666882e-02
4.232645403377110682e+01 2.307719863109916614e-02
4.237648530331457408e+01 2.304403944861477607e-02
4.242651657285803424e+01 2.301068008421420716e-02
4.247654784240150150e+01 2.297712193215673687e-02
4.252657911194496876e+01 2.294336639185502388e-02
4.257661038148842891e+01 2.290941486773867206e-02
4.262664165103189617e+01 2.287526876913995380e-02
4.267667292057535633e+01 2.284092951018279818e-02
4.272670419011882359e+01 2.280639850963993992e-02
4.277673545966229085e+01 2.277167719084727954e-02
4.282676672920575101e+01 2.273676698156425202e-02
4.287679799874921827e+01 2.270166931385006470e-02
4.292682926829268553e+01 2.266638562396214307e-02
4.297686053783614568e+01 2.263091735222604040e-02
4.302689180737961294e+01 2.259526594292121313e-02
4.307692307692308020e+01 2.255943284415087499e-02
4.312695434646654036e+01 2.252341950774367288e-02
4.317698561601000762e+01 2.248722738911720573e-02
4.322701688555346777e+01 2.245085794717331662e-02
4.327704815509693503e+01 2.241431264416799199e-02
4.332707942464040229e+01 2.237759294560664330e-02
4.337711069418386245e+01 2.234070032011716347e-02
4.342714196372732971e+01 2.230363623932301795e-02
4.347717323327079697e+01 2.226640217775754590e-02
4.352720450281425713e+01 2.222899961271801103e-02
4.357723577235772439e+01 2.219143002415451676e-02
4.362726704190119165e+01 2.215369489456212385e-02
4.367729831144465180e+01 2.211579570886344423e-02
4.372732958098811906e+01 2.207773395429123153e-02
4.377736085053157922e+01 2.203951112025825596e-02
4.382739212007504648e+01 2.200112869827165751e-02
4.387742338961851374e+01 2.196258818179330080e-02
4.392745465916197389e+01 2.192389106613506014e-02
4.397748592870544115e+01 2.188503884835093713e-02
4.402751719824890841e+01 2.184603302711012399e-02
4.407754846779236857e+01 2.180687510258911069e-02
4.412757973733583583e+01 2.176756657636697359e-02
4.417761100687929599e+01 2.172810895130478093e-02
4.422764227642276325e+01 2.168850373143137514e-02
4.427767354596623051e+01 2.164875242183862680e-02
4.432770481550969066e+01 2.160885652857039846e-02
4.437773608505315792e+01 2.156881755851145638e-02
4.442776735459662518e+01 2.152863701926373621e-02
4.447779862414008534e+01 2.148831641906064419e-02
4.452782989368355260e+01 2.144785726664648340e-02
4.457786116322701986e+01 2.140726107115904775e-02
4.462789243277048001e+01 2.136652934204393006e-02
4.467792370231394727e+01 2.132566358891808608e-02
4.472795497185740743e+01 2.128466532149366278e-02
4.477798624140087469e+01 2.124353604945107554e-02
4.482801751094434195e+01 2.120227728233430031e-02
4.487804878048780211e+01 2.116089052945882218e-02
4.492808005003126937e+01 2.111937729979742467e-02
4.497811131957473663e+01 2.107773910188180666e-02
4.502814258911819678e+01 2.103597744368833344e-02
4.507817385866166404e+01 2.099409383254921546e-02
4.512820512820513130e+01 2.095208977504776221e-02
4.517823639774859146e+01 2.090996677690415764e-02
4.522826766729205872e+01 2.086772634289295325e-02
4.527829893683551887e+01 2.082536997673517867e-02
4.532833020637898613e+01 2.078289918099361991e-02
4.537836147592245339e+01 2.074031545698713785e-02
4.542839274546591355e+01 2.069762030468279626e-02
4.547842401500938081e+01 2.065481522260063929e-02
4.552845528455284807e+01 2.061190170771692171e-02
4.557848655409630823e+01 2.056888125537525633e-02
4.562851782363977549e+01 2.052575535917712871e-02
4.567854909318324275e+01 2.048252551090892076e-02
4.572858036272670290e+01 2.043919320042925439e-02
4.577861163227017016e+01 2.039575991558014584e-02
4.582864290181363032e+01 2.035222714210766989e-02
4.587867417135709758e+01 2.030859636355564907e-02
4.592870544090056484e+01 2.026486906118316403e-02
4.597873671044402499e+01 2.022104671386617050e-02
4.602876797998749225e+01 2.017713079803086507e-02
4.607879924953095951e+01 2.013312278753309759e-02
4.612883051907441967e+01 2.008902415360126065e-02
4.617886178861788693e+01 2.004483636473156083e-02
4.622889305816135419e+01 2.000056088660552220e-02
4.627892432770481435e+01 1.995619918201065393e-02
4.632895559724828161e+01 1.991175271075476538e-02
4.637898686679174176e+01 1.986722292957870950e-02
4.642901813633520902e+01 1.982261129208021805e-02
4.647904940587867628e+01 1.977791924862347395e-02
4.652908067542213644e+01 1.973314824626610717e-02
4.657911194496560370e+01 1.968829972867988665e-02
4.662914321450907096e+01 1.964337513606978503e-02
4.667917448405253111e+01 1.959837590508988620e-02
4.672920575359599837e+01 1.955330346877835399e-02
4.677923702313946563e+01 1.950815925646378832e-02
4.682926829268292579e+01 1.946294469371449148e-02
4.687929956222639305e+01 1.941766120224005729e-02
4.692933083176985321e+01 1.937231019982952468e-02
4.697936210131332047e+01 1.932689310027202803e-02
4.702939337085678773e+01 1.928141131329968311e-02
4.707942464040024788e+01 1.923586624449556692e-02
4.712945590994371514e+01 1.919025929523500429e-02
4.717948717948718240e+01 1.914459186261893014e-02
4.722951844903064256e+01 1.909886533939774214e-02
4.727954971857410982e+01 1.905308111391099818e-02
4.732958098811756997e+01 1.900724057000808404e-02
4.737961225766103723e+01 1.896134508700537957e-02
4.742964352720450449e+01 1.891539603959106058e-02
4.747967479674796465e+01 1.886939479778860021e-02
4.752970606629143191e+01 1.882334272688062152e-02
4.757973733583489917e+01 1.877724118734700950e-02
4.762976860537835933e+01 1.873109153479668096e-02
4.767979987492182659e+01 1.868489511993270263e-02
4.772983114446529385e+01 1.863865328846181849e-02
4.777986241400875400e+01 1.859236738105005463e-02
4.782989368355222126e+01 1.854603873327193356e-02
4.787992495309568142e+01 1.849966867553748742e-02
4.792995622263914868e+01 1.845325853305100974e-02
4.797998749218261594e+01 1.840680962574599983e-02
4.803001876172607609e+01 1.836032326823915789e-02
4.808005003126954335e+01 1.831380076976373353e-02
4.813008130081301061e+01 1.826724343413622942e-02
4.818011257035647077e+01 1.822065255968972897e-02
4.823014383989993803e+01 1.817402943922632672e-02
4.828017510944340529e+01 1.812737535997904076e-02
4.833020637898686545e+01 1.808069160354357566e-02
4.838023764853033271e+01 1.803397944584502963e-02
4.843026891807379286e+01 1.798724015708549895e-02
4.848030018761726012e+01 1.794047500169651185e-02
4.853033145716072738e+01 1.789368523830093399e-02
4.858036272670418754e+01 1.784687211965902201e-02
4.863039399624765480e+01 1.780003689263511338e-02
4.868042526579112206e+01 1.775318079814049502e-02
4.873045653533458221e+01 1.770630507111120924e-02
4.878048780487804947e+01 1.765941094045408305e-02
4.883051907442151673e+01 1.761249962899914812e-02
4.888055034396497689e+01 1.756557235348694956e-02
4.893058161350844415e+01 1.751863032450505162e-02
4.898061288305190430e+01 1.747167474646111815e-02
4.903064415259537157e+01 1.742470681754477654e-02
4.908067542213883883e+01 1.737772772969591734e-02
4.913070669168229898e+01 1.733073866856026449e-02
4.918073796122576624e+01 1.728374081346874952e-02
4.923076923076923350e+01 1.723673533739148583e-02
4.928080050031269366e+01 1.718972340691557812e-02
4.933083176985616092e+01 1.714270618220542844e-02
4.938086303939962818e+01 1.709568481698055600e-02
4.943089430894308833e+01 1.704866045847908129e-02
4.948092557848655559e+01 1.700163424743075455e-02
4.953095684803001575e+01 1.695460731803317272e-02
4.958098811757348301e+01 1.690758079791368149e-02
4.963101938711695027e+01 1.686055580811510191e-02
4.968105065666041043e+01 1.681353346306718038e-02
4.973108192620387769e+01 1.676651487055642875e-02
4.978111319574734495e+01 1.671950113170709087e-02
4.983114446529080510e+01 1.667249334095258911e-02
4.988117573483427236e+01 1.662549258601805566e-02
4.993120700437773252e+01 1.657849994790448755e-02
4.998123827392119978e+01 1.653151650085064872e-02
5.003126954346466704e+01 1.648454331232831332e-02
5.008130081300812719e+01 1.643758144301689025e-02
5.013133208255159445e+01 1.639063194678755386e-02
5.018136335209506171e+01 1.634369587068418977e-02
5.023139462163852187e+01 1.629677425490120429e-02
5.028142589118198913e+01 1.624986813277874004e-02
5.033145716072545639e+01 1.620297853077731429e-02
5.038148843026891655e+01 1.615610646846828494e-02
5.043151969981238381e+01 1.610925295851639918e-02
5.048155096935584396e+01 1.606241900666709882e-02
5.053158223889931122e+01 1.601560561173701394e-02
5.058161350844277848e+01 1.596881376560441851e-02
5.063164477798623864e+01 1.592204445318545422e-02
5.068167604752970590e+01 1.587529865243570218e-02
5.073170731707317316e+01 1.582857733434543668e-02
5.078173858661663331e+01 1.578188146290946878e-02
5.083176985616010057e+01 1.573521199513824159e-02
5.088180112570356783e+01 1.568856988104676276e-02
5.093183239524702799e+01 1.564195606363868660e-02
5.098186366479049525e+01 1.559537147891111586e-02
5.103189493433395540e+01 1.554881705584189311e-02
5.108192620387742267e+01 1.550229371638642099e-02
5.113195747342088993e+01 1.545580237547291257e-02
5.118198874296435008e+01 1.540934394100872823e-02
5.123202001250781734e+01 1.536291931385817995e-02
5.128205128205128460e+01 1.531652938785520168e-02
5.133208255159474476e+01 1.527017504979701935e-02
5.138211382113821202e+01 1.522385717944890401e-02
5.143214509068167928e+01 1.517757664952513671e-02
5.148217636022513943e+01 1.513133432571438751e-02
5.153220762976860669e+01 1.508513106666385661e-02
5.158223889931206685e+01 1.503896772398878763e-02
5.163227016885553411e+01 1.499284514226771788e-02
5.168230143839900137e+01 1.494676415904880665e-02
5.173233270794246152e+01 1.490072560485302886e-02
5.178236397748592879e+01 1.485473030318368477e-02
5.183239524702939605e+01 1.480877907051529087e-02
5.188242651657285620e+01 1.476287271631579641e-02
5.193245778611632346e+01 1.471701204303865577e-02
5.198248905565979072e+01 1.467119784614186011e-02
5.203252032520325088e+01 1.462543091408158649e-02
5.208255159474671814e+01 1.457971202832490654e-02
5.213258286429017829e+01 1.453404196336246547e-02
5.218261413383364555e+01 1.448842148670531974e-02
5.223264540337711281e+01 1.444285135891031080e-02
5.228267667292057297e+01 1.439733233356420804e-02
5.233270794246404023e+01 1.435186515732495872e-02
5.238273921200750749e+01 1.430645056990423672e-02
5.243277048155096765e+01 1.426108930409123766e-02
5.248280175109443491e+01 1.421578208576696270e-02
5.253283302063790217e+01 1.417052963390579880e-02
5.258286429018136232e+01 1.412533266059298395e-02
5.263289555972482958e+01 1.408019187104522091e-02
5.268292682926828974e+01 1.403510796360116566e-02
5.273295809881175700e+01 1.399008162976584334e-02
5.278298936835522426e+01 1.394511355419479973e-02
5.283302063789868441e+01 1.390020441473215594e-02
5.288305190744215167e+01 1.385535488240904889e-02
5.293308317698561893e+01 1.381056562146740219e-02
5.298311444652907909e+01 1.376583728937899077e-02
5.303314571607254635e+01 1.372117053684383976e-02
5.308317698561600650e+01 1.367656600783465765e-02
5.313320825515947377e+01 1.363202433958889646e-02
5.318323952470294103e+01 1.358754616263731230e-02
5.323327079424640118e+01 1.354313210082142699e-02
5.328330206378986844e+01 1.349878277131097253e-02
5.333333333333333570e+01 1.345449878461975161e-02
5.338336460287679586e+01 1.341028074462945890e-02
5.343339587242026312e+01 1.336612924860234447e-02
5.348342714196373038e+01 1.332204488721297660e-02
5.353345841150719053e+01 1.327802824454980303e-02
5.358348968105065779e+01 1.323407989815166171e-02
5.363352095059411795e+01 1.319020041902521818e-02
5.368355222013758521e+01 1.314639037165608870e-02
5.373358348968105247e+01 1.310265031404214686e-02
5.378361475922451262e+01 1.305898079770939288e-02
5.383364602876797989e+01 1.301538236773734473e-02
5.388367729831144715e+01 1.297185556278124263e-02
5.393370856785490730e+01 1.292840091508157437e-02
5.398373983739837456e+01 1.288501895050691778e-02
5.403377110694184182e+01 1.284171018857296898e-02
5.408380237648530198e+01 1.279847514245049077e-02
5.413383364602876924e+01 1.275531431900496157e-02
5.418386491557222939e+01 1.271222821881879891e-02
5.423389618511569665e+01 1.266921733620881944e-02
5.428392745465916391e+01 1.262628215925635893e-02
5.433395872420262407e+01 1.258342316982792933e-02
5.438398999374609133e+01 1.254064084360375850e-02
5.443402126328955859e+01 1.249793565011111940e-02
5.448405253283301874e+01 1.245530805272590351e-02
5.453408380237648601e+01 1.241275850872499906e-02
5.458411507191995327e+01 1.237028746929420310e-02
5.463414634146341342e+01 1.232789537957108307e-02
5.468417761100688068e+01 1.228558267865129984e-02
5.473420888055034084e+01 1.224334979963305481e-02
5.478424015009380810e+01 1.220119716963294181e-02
5.483427141963727536e+01 1.215912520982085666e-02
5.488430268918073551e+01 1.211713433544062309e-02
5.493433395872420277e+01 1.207522495584332188e-02
5.498436522826767003e+01 1.203339747451107229e-02
5.503439649781113019e+01 1.199165228908402082e-02
5.508442776735459745e+01 1.194998979139681901e-02
5.513445903689806471e+01 1.190841036749133372e-02
5.518449030644152487e+01 1.186691439766740692e-02
5.523452157598499213e+01 1.182550225648920476e-02
5.528455284552845228e+01 1.178417431282488548e-02
5.533458411507191954e+01 1.174293092987832750e-02
5.538461538461538680e+01 1.170177246521293679e-02
5.543464665415884696e+01 1.166069927077544033e-02
5.548467792370231422e+01 1.161971169294031062e-02
5.553470919324578148e+01 1.157881007252881296e-02
5.558474046278924163e+01 1.153799474483914282e-02
5.563477173233270889e+01 1.149726603967974811e-02
5.568480300187616905e+01 1.145662428139471688e-02
5.573483427141963631e+01 1.141606978889709613e-02
5.578486554096310357e+01 1.137560287570221242e-02
5.583489681050656372e+01 1.133522384994511620e-02
5.588492808005003099e+01 1.129493301443454389e-02
5.593495934959349825e+01 1.125473066665290227e-02
5.598499061913695840e+01 1.121461709881021659e-02
5.603502188868042566e+01 1.117459259786952527e-02
5.608505315822389292e+01 1.113465744556908776e-02
5.613508442776735308e+01 1.109481191846521837e-02
5.618511569731082034e+01 1.105505628794816071e-02
5.623514696685428049e+01 1.101539082029602719e-02
5.628517823639774775e+01 1.097581577667798049e-02
5.633520950594121501e+01 1.093633141320816786e-02
5.638524077548467517e+01 1.089693798096159558e-02
5.643527204502814243e+01 1.085763572601855173e-02
5.648530331457160969e+01 1.081842488948047201e-02
5.653533458411506984e+01 1.077930570752071507e-02
5.658536585365853711e+01 1.074027841139249193e-02
5.663539712320200437e+01 1.070134322748439969e-02
5.668542839274546452e+01 1.066250037732994170e-02
5.673545966228893178e+01 1.062375007765512490e-02
5.678549093183239194e+01 1.058509254040543822e-02
5.683552220137585920e+01 1.054652797276805359e-02
5.688555347091932646e+01 1.050805657721943891e-02
5.693558474046278661e+01 1.046967855154756072e-02
5.698561601000625387e+01 1.043139408887886269e-02
5.703564727954972113e+01 1.039320337772268663e-02
5.708567854909318129e+01 1.035510660199031804e-02
5.713570981863664855e+01 1.031710394103940373e-02
5.718574108818011581e+01 1.027919556968824068e-02
5.723577235772357596e+01 1.024138165826654276e-02
5.728580362726704323e+01 1.020366237263130478e-02
5.733583489681050338e+01 1.016603787421123395e-02
5.738586616635397064e+01 1.012850832002737574e-02
5.743589743589743790e+01 1.009107386273277313e-02
5.748592870544089806e+01 1.005373465063944677e-02
5.753595997498436532e+01 1.001649082775329762e-02
5.758599124452783258e+01 9.979342533799489406e-03
5.763602251407129273e+01 9.942289904260537964e-03
5.768605378361475999e+01 9.905333070406446838e-03
5.773608505315822725e+01 9.868472159326444060e-03
5.778611632270168741e+01 9.831707293957546098e-03
5.783614759224515467e+01 9.795038593113104472e-03
5.788617886178861482e+01 9.758466171528834901e-03
5.793621013133208209e+01 9.721990139873907394e-03
5.798624140087554935e+01 9.685610604800148210e-03
5.803627267041900950e+01 9.649327668957886558e-03
5.808630393996247676e+01 9.613141431040403417e-03
5.813633520950594402e+01 9.577051985810880463e-03
5.818636647904940418e+01 9.541059424124634022e-03
5.823639774859287144e+01 9.505163832973523991e-03
5.828642901813633870e+01 9.469365295511355390e-03
5.833646028767979885e+01 9.433663891076074157e-03
5.838649155722326611e+01 9.398059695242141909e-03
5.843652282676672627e+01 9.362552779825285623e-03
5.848655409631019353e+01 9.327143212934856792e-03
5.853658536585366079e+01 9.291831058991296619e-03
5.858661663539712094e+01 9.256616378762610314e-03
5.863664790494058821e+01 9.221499229392937994e-03
5.868667917448405547e+01 9.186479664434287970e-03
5.873671044402751562e+01 9.151557733871914027e-03
5.878674171357098288e+01 9.116733484165579285e-03
5.883677298311444304e+01 9.082006958268584382e-03
5.888680425265791030e+01 9.047378195662685724e-03
5.893683552220137756e+01 9.012847232389813168e-03
5.898686679174483771e+01 8.978414101074298770e-03
5.903689806128830497e+01 8.944078830967289173e-03
5.908692933083177223e+01 8.909841447956276181e-03
5.913696060037523239e+01 8.875701974619029308e-03
5.918699186991869965e+01 8.841660430228373210e-03
5.923702313946216691e+01 8.807716830802943958e-03
5.928705440900562706e+01 8.773871189121474484e-03
5.933708567854909433e+01 8.740123514756118622e-03
5.938711694809255448e+01 8.706473814112106885e-03
5.943714821763602174e+01 8.672922090438866041e-03
5.948717948717948900e+01 8.639468343872842501e-03
5.953721075672294916e+01 8.606112571467662217e-03
5.958724202626641642e+01 8.572854767202056636e-03
5.963727329580988368e+01 8.539694922035394667e-03
5.968730456535334383e+01 8.506633023923555401e-03
5.973733583489681109e+01 8.473669057847474720e-03
5.978736710444027835e+01 8.440803005840135861e-03
5.983739837398373851e+01 8.408034847016699828e-03
5.988742964352720577e+01 8.375364557607829427e-03
5.993746091307066592e+01 8.342792110978733064e-03
5.998749218261413318e+01 8.310317477662480107e-03
6.003752345215760045e+01 8.277940625390148646e-03
6.008755472170106060e+01 8.245661519109860615e-03
6.013758599124452786e+01 8.213480121023282107e-03
6.018761726078799512e+01 8.181396390603067753e-03
6.023764853033145528e+01 8.149410284638881202e-03
6.028767979987492254e+01 8.117521757238977190e-03
6.033771106941838980e+01 8.085730759880973423e-03
6.038774233896184995e+01 8.054037241418196200e-03
6.043777360850531721e+01 8.022441148125699154e-03
6.048780487804877737e+01 7.990942423714534823e-03
6.053783614759224463e+01 7.959541009360320343e-03
6.058786741713571189e+01 7.928236843734963804e-03
6.063789868667917204e+01 7.897029863027300520e-03
6.068792995622263930e+01 7.865920000966879558e-03
6.073796122576610657e+01 7.834907188863636865e-03
6.078799249530956672e+01 7.803991355617418899e-03
6.083802376485303398e+01 7.773172427756053736e-03
6.088805503439650124e+01 7.742450329449633052e-03
6.093808630393996140e+01 7.711824982548597107e-03
6.098811757348342866e+01 7.681296306599589251e-03
6.103814884302688881e+01 7.650864218880376773e-03
6.108818011257035607e+01 7.620528634407769918e-03
6.113821138211382333e+01 7.590289465985231368e-03
6.118824265165728349e+01 7.560146624209217528e-03
6.123827392120075075e+01 7.530100017505670165e-03
6.128830519074421801e+01 7.500149552145886529e-03
6.133833646028767816e+01 7.470295132278249178e-03
6.138836772983114543e+01 7.440536659947268906e-03
6.143839899937460558e+01 7.410874035125312835e-03
6.148843026891807284e+01 7.381307155726885526e-03
6.153846153846154010e+01 7.351835917637191201e-03
6.158849280800500026e+01 7.322460214735930679e-03
6.163852407754846752e+01 7.293179938927447405e-03
6.168855534709193478e+01 7.263994980148660331e-03
6.173858661663539493e+01 7.234905226408730114e-03
6.178861788617886219e+01 7.205910563801756416e-03
6.183864915572232945e+01 7.177010876533742451e-03
6.188868042526578961e+01 7.148206046951158937e-03
6.193871169480925687e+01 7.119495955548880463e-03
6.198874296435271702e+01 7.090880481006670184e-03
6.203877423389618428e+01 7.062359500211400770e-03
6.208880550343965155e+01 7.033932888268153161e-03
6.213883677298311170e+01 7.005600518531955936e-03
6.218886804252657896e+01 6.977362262631583989e-03
6.223889931207004622e+01 6.949217990479069143e-03
6.228893058161350638e+01 6.921167570312553897e-03
6.233896185115697364e+01 6.893210868696280150e-03
6.238899312070044090e+01 6.865347750552326829e-03
6.243902439024390105e+01 6.837578079187579642e-03
6.248905565978736831e+01 6.809901716300081898e-03
6.253908692933082847e+01 6.782318522017109948e-03
6.258911819887429573e+01 6.754828354903106083e-03
6.263914946841776299e+01 6.727431071988241619e-03
6.268918073796122314e+01 6.700126528789041025e-03
6.273921200750469040e+01 6.672914579314725807e-03
6.278924327704815767e+01 6.645795076117990731e-03
6.283927454659161782e+01 6.618767870283898125e-03
6.288930581613508508e+01 6.591832811463189772e-03
6.293933708567855234e+01 6.564989747899270534e-03
6.298936835522201250e+01 6.538238526436130835e-03
6.303939962476547976e+01 6.511578992546914087e-03
6.308943089430893991e+01 6.485010990346605324e-03
6.313946216385240717e+01 6.458534362615833344e-03
6.318949343339587443e+01 6.432148950821493967e-03
6.323952470293933459e+01 6.405854595129443878e-03
6.328955597248280185e+01 6.379651134434652718e-03
6.333958724202626911e+01 6.353538406365951026e-03
6.338961851156972926e+01 6.327516247316185803e-03
6.343964978111319652e+01 6.301584492461259103e-03
6.348968105065666379e+01 6.275742975768055718e-03
6.353971232020012394e+01 6.249991530023010604e-03
6.358974358974359120e+01 6.224329986844792315e-03
6.363977485928705136e+01 6.198758176704939268e-03
6.368980612883051862e+01 6.173275928948478673e-03
6.373983739837398588e+01 6.147883071808205903e-03
6.378986866791744603e+01 6.122579432417387009e-03
6.383989993746091329e+01 6.097364836841478140e-03
6.388993120700438055e+01 6.072239110079724958e-03
6.393996247654784071e+01 6.047202076095294782e-03
6.398999374609130797e+01 6.022253557826398769e-03
6.404002501563476812e+01 5.997393377200555681e-03
6.409005628517823538e+01 5.972621355161578972e-03
6.414008755472170265e+01 5.947937311672738328e-03
6.419011882426516991e+01 5.923341065745328822e-03
6.424015009380863717e+01 5.898832435451356083e-03
6.429018136335209022e+01 5.874411237937819143e-03
6.434021263289555748e+01 5.850077289440994144e-03
6.439024390243902474e+01 5.825830405310223475e-03
6.444027517198249200e+01 5.801670400020620885e-03
6.449030644152595926e+01 5.777597087185756645e-03
6.454033771106941231e+01 5.753610279573524201e-03
6.459036898061287957e+01 5.729709789133121192e-03
6.464040025015634683e+01 5.705895426988689088e-03
6.469043151969981409e+01 5.682167003478990654e-03
6.474046278924328135e+01 5.658524328154231064e-03
6.479049405878674861e+01 5.634967209804620132e-03
6.484052532833020166e+01 5.611495456458783296e-03
6.489055659787366892e+01 5.588108875417080457e-03
6.494058786741713618e+01 5.564807273261131344e-03
6.499061913696060344e+01 5.541590455853806843e-03
6.504065040650407070e+01 5.518458228374142037e-03
6.509068167604752375e+01 5.495410395323679226e-03
6.514071294559099101e+01 5.472446760534401683e-03
6.519074421513445827e+01 5.449567127190947657e-03
6.524077548467792553e+01 5.426771297844888015e-03
6.529080675422139279e+01 5.404059074424249869e-03
6.534083802376486005e+01 5.381430258246203482e-03
6.539086929330831310e+01 5.358884650037694201e-03
6.544090056285178036e+01 5.336422049943371874e-03
6.549093183239524762e+01 5.314042257536701758e-03
6.554096310193871489e+01 5.291745071845343519e-03
6.559099437148218215e+01 5.269530291346398963e-03
6.564102564102563520e+01 5.247397713999725662e-03
6.569105691056910246e+01 5.225347137236833854e-03
6.574108818011256972e+01 5.203378358002138174e-03
6.579111944965603698e+01 5.181491172737089264e-03
6.584115071919950424e+01 5.159685377413496081e-03
6.589118198874295729e+01 5.137960767541455316e-03
6.594121325828642455e+01 5.116317138174118415e-03
6.599124452782989181e+01 5.094754283923548684e-03
6.604127579737335907e+01 5.073271998978178682e-03
6.609130706691682633e+01 5.051870077109160174e-03
6.614133833646029359e+01 5.030548311687811983e-03
6.619136960600374664e+01 5.009306495687205520e-03
6.624140087554721390e+01 4.988144421707557674e-03
6.629143214509068116e+01 4.967061881969878252e-03
6.634146341463414842e+01 4.946058668349293148e-03
6.639149468417761568e+01 4.925134572371864597e-03
6.644152595372106873e+01 4.904289385224120876e-03
6.649155722326453599e+01 4.883522897776848906e-03
6.654158849280800325e+01 4.862834900583506981e-03
6.659161976235147051e+01 4.842225183897682153e-03
6.664165103189493777e+01 4.821693537684193336e-03
6.669168230143840503e+01 4.801239751623853982e-03
6.674171357098185808e+01 4.780863615132507211e-03
6.679174484052532534e+01 4.760564917364204680e-03
6.684177611006879260e+01 4.740343447228654444e-03
6.689180737961225987e+01 4.720198993394398961e-03
6.694183864915572713e+01 4.700131344301502860e-03
6.699186991869918018e+01 4.680140288177423932e-03
6.704190118824264744e+01 4.660225613035424118e-03
6.709193245778611470e+01 4.640387106695196238e-03
6.714196372732958196e+01 4.620624556787624078e-03
6.719199499687304922e+01 4.600937750764300810e-03
6.724202626641651648e+01 4.581326475910226306e-03
6.729205753595996953e+01 4.561790519346973008e-03
6.734208880550343679e+01 4.542329668053320460e-03
6.739212007504690405e+01 4.522943708862075564e-03
6.744215134459037131e+01 4.503632428475941828e-03
6.749218261413383857e+01 4.484395613473866719e-03
6.754221388367729162e+01 4.465233050326904846e-03
6.759224515322075888e+01 4.446144525395048612e-03
6.764227642276422614e+01 4.427129824949437888e-03
6.769230769230769340e+01 4.408188735170773601e-03
6.774233896185116066e+01 4.389321042162012444e-03
6.779237023139462792e+01 4.370526531954714231e-03
6.784240150093808097e+01 4.351804990524904201e-03
6.789243277048154823e+01 4.333156203789904556e-03
6.794246404002501549e+01 4.314579957628955978e-03
6.799249530956848275e+01 4.296076037876874615e-03
6.804252657911195001e+01 4.277644230347851621e-03
6.809255784865540306e+01 4.259284320835449687e-03
6.814258911819887032e+01 4.240996095111019236e-03
6.819262038774233758e+01 4.222779338955431720e-03
6.824265165728580484e+01 4.204633838144797645e-03
6.829268292682927211e+01 4.186559378464745941e-03
6.834271419637273937e+01 4.168555745729469499e-03
6.839274546591619242e+01 4.150622725764262569e-03
6.844277673545965968e+01 4.132760104442021083e-03
6.849280800500312694e+01 4.114967667665786130e-03
6.854283927454659420e+01 4.097245201394131633e-03
6.859287054409006146e+01 4.079592491636402536e-03
6.864290181363351451e+01 4.062009324463823103e-03
6.869293308317698177e+01 4.044495486020603485e-03
6.874296435272044903e+01 4.027050762525523527e-03
6.879299562226391629e+01 4.009674940275110774e-03
6.884302689180738355e+01 3.992367805662673866e-03
6.889305816135085081e+01 3.975129145176723930e-03
6.894308943089430386e+01 3.957958745400965046e-03
6.899312070043777112e+01 3.940856393038102458e-03
6.904315196998123838e+01 3.923821874903490013e-03
6.909318323952470564e+01 3.906854977931480989e-03
6.914321450906817290e+01 3.889955489188117160e-03
6.919324577861162595e+01 3.873123195874304207e-03
6.924327704815509321e+01 3.856357885328986265e-03
6.929330831769856047e+01 3.839659345040251186e-03
6.934333958724202773e+01 3.823027362645326638e-03
6.939337085678549499e+01 3.806461725946454558e-03
6.944340212632896225e+01 3.789962222904536861e-03
6.949343339587241530e+01 3.773528641651834048e-03
6.954346466541588256e+01 3.757160770498306056e-03
6.959349593495934982e+01 3.740858397936380579e-03
6.964352720450281709e+01 3.724621312642529929e-03
6.969355847404628435e+01 3.708449303483624462e-03
6.974358974358973740e+01 3.692342159531209790e-03
6.979362101313320466e+01 3.676299670055160722e-03
6.984365228267667192e+01 3.660321624534786534e-03
6.989368355222013918e+01 3.644407812662006814e-03
6.994371482176360644e+01 3.628558024352454992e-03
6.999374609130707370e+01 3.612772049737546318e-03
7.004377736085052675e+01 3.597049679183519054e-03
7.009380863039399401e+01 3.581390703289844598e-03
7.014383989993746127e+01 3.565794912893990171e-03
7.019387116948092853e+01 3.550262099074590755e-03
7.024390243902439579e+01 3.534792053156210045e-03
7.029393370856784884e+01 3.519384566728378603e-03
7.034396497811131610e+01 3.504039431624967563e-03
7.039399624765478336e+01 3.488756439946404803e-03
7.044402751719825062e+01 3.473535384059668434e-03
7.049405878674171788e+01 3.458376056603054693e-03
7.054409005628518514e+01 3.443278250489343814e-03
7.059412132582863819e+01 3.428241758910566608e-03
7.064415259537210545e+01 3.413266375342758046e-03
7.069418386491557271e+01 3.398351893549134400e-03
7.074421513445903997e+01 3.383498107588027437e-03
7.079424640400250723e+01 3.368704811806532730e-03
7.084427767354596028e+01 3.353971800857967912e-03
7.089430894308942754e+01 3.339298869701870509e-03
7.094434021263289480e+01 3.324685813597651023e-03
7.099437148217636206e+01 3.310132428122045979e-03
7.104440275171982933e+01 3.295638509164359152e-03
7.109443402126329659e+01 3.281203852934394885e-03
7.114446529080674964e+01 3.266828255965627866e-03
7.119449656035021690e+01 3.252511515118380707e-03
7.124452782989368416e+01 3.238253427575063428e-03
7.129455909943715142e+01 3.224053790863968660e-03
7.134459036898061868e+01 3.209912402840238259e-03
7.139462163852407173e+01 3.195829061704898427e-03
7.144465290806753899e+01 3.181803566000101797e-03
7.149468417761100625e+01 3.167835714613886217e-03
7.154471544715447351e+01 3.153925306789695342e-03
7.159474671669794077e+01 3.140072142115272070e-03
7.164477798624139382e+01 3.126276020541698866e-03
7.169480925578486108e+01 3.112536742375461834e-03
7.174484052532832834e+01 3.098854108292734867e-03
7.179487179487179560e+01 3.085227919325094631e-03
7.184490306441526286e+01 3.071657976878565226e-03
7.189493433395873012e+01 3.058144082728855070e-03
7.194496560350218317e+01 3.044686039026117414e-03
7.199499687304565043e+01 3.031283648299712159e-03
7.204502814258911769e+01 3.017936713450268624e-03
7.209505941213258495e+01 3.004645037771903459e-03
7.214509068167605221e+01 2.991408424934763246e-03
7.219512195121950526e+01 2.978226679000892888e-03
7.224515322076297252e+01 2.965099604419477262e-03
7.229518449030643978e+01 2.952027006039529850e-03
7.234521575984990704e+01 2.939008689095618573e-03
7.239524702939337431e+01 2.926044459225313633e-03
7.244527829893684157e+01 2.913134122461256796e-03
7.249530956848029462e+01 2.900277485245442936e-03
7.254534083802376188e+01 2.887474354419696399e-03
7.259537210756722914e+01 2.874724537232018796e-03
7.264540337711069640e+01 2.862027841339764844e-03
7.269543464665416366e+01 2.849384074815984949e-03
7.274546591619761671e+01 2.836793046136735705e-03
7.279549718574108397e+01 2.824254564204876829e-03
7.284552845528455123e+01 2.811768438334205384e-03
7.289555972482801849e+01 2.799334478255802693e-03
7.294559099437148575e+01 2.786952494125969834e-03
7.299562226391495301e+01 2.774622296523047895e-03
7.304565353345840606e+01 2.762343696453772261e-03
7.309568480300187332e+01 2.750116505342160411e-03
7.314571607254534058e+01 2.737940535051728089e-03
7.319574734208880784e+01 2.725815597871207759e-03
7.324577861163227510e+01 2.713741506519309118e-03
7.329580988117572815e+01 2.701718074155826099e-03
7.334584115071919541e+01 2.689745114368943032e-03
7.339587242026266267e+01 2.677822441184754803e-03
7.344590368980612993e+01 2.665949869072026506e-03
7.349593495934959719e+01 2.654127212937433360e-03
7.354596622889306445e+01 2.642354288128735251e-03
7.359599749843651750e+01 2.630630910437947809e-03
7.364602876797998476e+01 2.618956896102931850e-03
7.369606003752345202e+01 2.607332061804216658e-03
7.374609130706691928e+01 2.595756224672936350e-03
7.379612257661038655e+01 2.584229202286068925e-03
7.384615384615383959e+01 2.572750812674367421e-03
7.389618511569730686e+01 2.561320874316016898e-03
7.394621638524077412e+01 2.549939206146151563e-03
7.399624765478424138e+01 2.538605627547336780e-03
7.404627892432770864e+01 2.527319958367019084e-03
7.409631019387117590e+01 2.516082018896904221e-03
7.414634146341462895e+01 2.504891629893579979e-03
7.419637273295809621e+01 2.493748612572170998e-03
7.424640400250156347e+01 2.482652788601579126e-03
7.429643527204503073e+01 2.471603980115588683e-03
7.434646654158849799e+01 2.460602009711281360e-03
7.439649781113195104e+01 2.449646700441101155e-03
7.444652908067541830e+01 2.438737875828723197e-03
7.449656035021888556e+01 2.427875359853184489e-03
7.454659161976235282e+01 2.417058976969513242e-03
7.459662288930582008e+01 2.406288552086512707e-03
7.464665415884928734e+01 2.395563910590564182e-03
7.469668542839274039e+01 2.384884878328170487e-03
7.474671669793620765e+01 2.374251281615479599e-03
7.479674796747967491e+01 2.363662947241453993e-03
7.484677923702314217e+01 2.353119702458353509e-03
7.489681050656660943e+01 2.342621374996014302e-03
7.494684177611006248e+01 2.332167793049154999e-03
7.499687304565352974e+01 2.321758785290071840e-03
7.504690431519699700e+01 2.311394180857529942e-03
7.509693558474046426e+01 2.301073809366283897e-03
7.514696685428393153e+01 2.290797500902318554e-03
7.519699812382739879e+01 2.280565086027607803e-03
7.524702939337085184e+01 2.270376395780116310e-03
7.529706066291431910e+01 2.260231261669036831e-03
7.534709193245778636e+01 2.250129515679553330e-03
7.539712320200125362e+01 2.240070990274424349e-03
7.544715447154472088e+01 2.230055518390813667e-03
7.549718574108817393e+01 2.220082933445045609e-03
7.554721701063164119e+01 2.210153069327848874e-03
7.559724828017510845e+01 2.200265760407527603e-03
7.564727954971857571e+01 2.190420841533136792e-03
7.569731081926204297e+01 2.180618148024959530e-03
7.574734208880551023e+01 2.170857515687203004e-03
7.579737335834896328e+01 2.161138780801649412e-03
7.584740462789243054e+01 2.151461780127658565e-03
7.589743589743589780e+01 2.141826350903752122e-03
7.594746716697936506e+01 2.132232330846028489e-03
7.599749843652283232e+01 2.122679558152922464e-03
7.604752970606628537e+01 2.113167871502030261e-03
7.609756097560975263e+01 2.103697110043766926e-03
7.614759224515321989e+01 2.094267113415640945e-03
7.619762351469668715e+01 2.084877721735912091e-03
7.624765478424015441e+01 2.075528775595656371e-03
7.629768605378362167e+01 2.066220116068284447e-03
7.634771732332707472e+01 2.056951584711131948e-03
7.639774859287054198e+01 2.047723023555936273e-03
7.644777986241400924e+01 2.038534275118357181e-03
7.649781113195747650e+01 2.029385182388457939e-03
7.654784240150094377e+01 2.020275588844984687e-03
7.659787367104439681e+01 2.011205338437913395e-03
7.664790494058786408e+01 2.002174275597969153e-03
7.669793621013133134e+01 1.993182245241386253e-03
7.674796747967479860e+01 1.984229092757216085e-03
7.679799874921826586e+01 1.975314664015258726e-03
7.684803001876173312e+01 1.966438805369237919e-03
7.689806128830518617e+01 1.957601363645693204e-03
7.694809255784865343e+01 1.948802186151913458e-03
7.699812382739212069e+01 1.940041120674351142e-03
7.704815509693558795e+01 1.931318015477033944e-03
7.709818636647905521e+01 1.922632719306327032e-03
7.714821763602250826e+01 1.913985081376650636e-03
7.719824890556597552e+01 1.905374951391108950e-03
7.724828017510944278e+01 1.896802179522448289e-03
7.729831144465291004e+01 1.888266616425751578e-03
7.734834271419637730e+01 1.879768113228917972e-03
7.739837398373983035e+01 1.871306521537423155e-03
7.744840525328329761e+01 1.862881693434318255e-03
7.749843652282676487e+01 1.854493481473885310e-03
7.754846779237023213e+01 1.846141738694328073e-03
7.759849906191369939e+01 1.837826318598734287e-03
7.764853033145716665e+01 1.829547075172527435e-03
7.769856160100061970e+01 1.821303862872360830e-03
7.774859287054408696e+01 1.813096536626117392e-03
7.779862414008755422e+01 1.804924951840842758e-03
7.784865540963102148e+01 1.796788964393226202e-03
7.789868667917448875e+01 1.788688430629599988e-03
7.794871794871794179e+01 1.780623207373872256e-03
7.799874921826140906e+01 1.772593151919594351e-03
7.804878048780487632e+01 1.764598122028373985e-03
7.809881175734834358e+01 1.756637975936222807e-03
7.814884302689181084e+01 1.748712572345620473e-03
7.819887429643527810e+01 1.740821770431864824e-03
7.824890556597873115e+01 1.732965429838308983e-03
7.829893683552219841e+01 1.725143410673190061e-03
7.834896810506566567e+01 1.717355573519147374e-03
7.839899937460913293e+01 1.709601779420530767e-03
7.844903064415260019e+01 1.701881889889746233e-03
7.849906191369605324e+01 1.694195766907256569e-03
7.854909318323952050e+01 1.686543272915234449e-03
7.859912445278298776e+01 1.678924270825494667e-03
7.864915572232645502e+01 1.671338624009977014e-03
7.869918699186992228e+01 1.663786196307089722e-03
7.874921826141338954e+01 1.656266852013778094e-03
7.879924953095684259e+01 1.648780455896631074e-03
7.884928080050030985e+01 1.641326873174427103e-03
7.889931207004377711e+01 1.633905969537174452e-03
7.894934333958724437e+01 1.626517611127071541e-03
7.899937460913071163e+01 1.619161664549613510e-03
7.904940587867416468e+01 1.611837996865659109e-03
7.909943714821763194e+01 1.604546475602536184e-03
7.914946841776109920e+01 1.597286968733417113e-03
7.919949968730456646e+01 1.590059344697943152e-03
7.924953095684803372e+01 1.582863472386360172e-03
7.929956222639150099e+01 1.575699221144276352e-03
7.934959349593495403e+01 1.568566460775836944e-03
7.939962476547842130e+01 1.561465061534204543e-03
7.944965603502188856e+01 1.554394894129490891e-03
7.949968730456535582e+01 1.547355829720825724e-03
7.954971857410882308e+01 1.540347739917941007e-03
7.959974984365227613e+01 1.533370496782760373e-03
7.964978111319574339e+01 1.526423972830982280e-03
7.969981238273921065e+01 1.519508041019390718e-03
7.974984365228267791e+01 1.512622574761719046e-03
7.979987492182614517e+01 1.505767447908023908e-03
7.984990619136961243e+01 1.498942534765312614e-03
7.989993746091306548e+01 1.492147710081676059e-03
7.994996873045653274e+01 1.485382849046289156e-03
8.000000000000000000e+01 1.478647827302102726e-03
