3  1
5  3
6  1
7  1
8  6
9  8
10  8
11  19
12  11
13  9
14  8
15  8
16  12
17  20
18  21
19  19
20  21
21  15
22  22
23  17
24  27
25  21
26  22
27  23
28  24
29  37
30  48
31  40
32  31
33  43
34  42
35  33
36  53
37  34
38  45
39  42
40  48
41  39
42  32
43  40
44  44
45  40
46  26
47  30
48  23
49  25
50  40
51  36
52  27
53  24
54  29
55  20
56  14
57  19
58  21
59  20
60  14
61  12
62  14
63  9
64  13
65  15
66  12
67  2
68  17
69  8
70  6
71  9
72  5
73  9
74  10
75  6
76  4
77  3
78  3
79  4
80  4
81  8
82  5
83  5
84  5
85  5
86  2
87  2
88  2
89  4
90  4
91  6
92  4
93  4
94  7
95  2
96  2
97  7
98  7
99  5
100  3
101  3
102  10
103  5
104  11
105  6
106  6
107  1
108  3
109  8
110  3
111  6
112  2
113  6
114  4
115  2
116  4
117  3
118  5
119  8
120  4
121  7
123  3
124  4
125  3
126  3
127  2
128  3
129  2
130  6
131  4
132  3
133  4
134  1
135  1
136  2
137  5
138  5
139  3
140  5
141  4
142  2
143  4
144  2
145  2
146  6
147  4
148  4
149  4
150  6
151  4
152  1
153  5
154  2
155  5
156  1
157  5
158  4
159  4
160  2
161  2
162  6
163  9
164  3
165  3
166  1
167  2
170  3
171  7
172  3
173  2
174  2
175  2
177  3
178  5
179  2
180  2
181  1
182  1
183  3
184  5
186  2
187  1
188  1
189  7
190  8
191  1
193  2
194  3
195  1
196  3
197  2
198  3
199  2
200  1
201  1
202  4
203  2
204  1
205  1
208  1
209  3
210  1
211  2
212  1
214  1
215  2
218  1
220  1
222  1
224  1
