1.123956954827062837e+01 6.310535950135660599e+00
8.302928499008354279e+00 4.483085489870418883e+00
1.060267796612118296e+01 1.308668065905803246e+01
1.207695243567111021e+01 8.545160076851049169e+00
9.456244356468065604e+00 5.355438128722195046e+00
1.587938463107066767e+01 8.236395709833006507e+00
6.475900215902726131e+00 7.722834112166679255e+00
1.145442427095017202e+01 1.911422742349308201e+00
1.002996579089717777e+01 8.749983839811235953e+00
1.424451776851258700e+01 8.047310866117927119e+00
1.252117746558413280e+01 3.092936510497111158e+00
1.257178505777074129e+01 7.956198083063097393e+00
9.987414107398544516e+00 7.867648287749911873e+00
5.599214350330159462e+00 7.256189492108469530e+00
1.852232037489878280e+01 7.882872292986908391e+00
1.630264530371316667e+01 1.421576653013664959e+01
1.850406830489452403e+01 1.024116788497689257e+01
1.041967078413299319e+01 3.635071769582058465e+00
1.050649588577524618e+01 1.264017159807099056e+01
1.244742917234167834e+01 6.475273152020481149e+00
1.552165179349707635e+01 1.018921341470819542e+01
1.093139444830914186e+01 1.148240141804564729e+01
1.034699630876733423e+01 6.264414807758825532e+00
1.304859553761423463e+01 8.174233299760899740e+00
1.036410867891298615e+01 6.535499534819747325e+00
1.323778651194808553e+01 7.499194765403625951e+00
3.099647877296796139e+00 4.067455158471117826e+00
5.900106764718979768e+00 5.939948761106657926e+00
1.407268010703092997e+01 1.151677142947908372e+01
1.500627415514948737e+01 1.006807653363024357e+01
8.129952659775781854e+00 4.667727601569380269e+00
9.037728397055053264e+00 8.044469347157338746e+00
1.351916563861154330e+01 1.151068845350063086e+01
1.386346748838393239e+01 8.751266863998585777e+00
1.303421965811330807e+01 1.141147840413084147e+00
1.011682218984588033e+01 1.215973426730283435e+01
1.031197227705846231e+01 5.064590936843691438e+00
1.320371360129461102e+01 7.819025573745434166e+00
1.137582987118344846e+01 7.209801841763026076e+00
1.690505760022617565e+01 6.389930948646001418e+00
6.567688523591336036e+00 7.309545495755153333e+00
1.008775425131939585e+01 1.137113960527863377e+01
2.066403605909691521e+00 3.803084769170841817e+00
9.323699327051663488e+00 1.151353129044928991e+01
2.000000000000000000e+00 2.624844336125335076e+00
1.804574779712396904e+01 1.098160176776483610e+01
1.063861204692083007e+01 6.247080259844793204e+00
1.088238534202225516e+01 5.320962514162497214e+00
8.561168054614228140e+00 1.134126798149462978e+01
9.437190202145997020e+00 5.741408676867813199e+00
9.201455361298480184e+00 3.961370386733762849e+00
1.174216850314986260e+01 1.217926357482416222e+01
1.377237122691219717e+01 1.039156280604993832e+01
1.025030963634815961e+01 9.532238215418109561e+00
3.420644851212374604e+00 5.516500363247171634e+00
1.330902182081217511e+01 1.468803089892278102e+01
1.069302203853307809e+01 7.633278574988666243e+00
1.224273270418979465e+01 1.429909305618337356e+01
1.574972390010884737e+01 3.892980642592715590e+00
1.001920596120696061e+01 7.746613388864126648e+00
1.914642055837004619e+01 1.075481210720301384e+01
1.123451720546043475e+01 9.206595649258611402e+00
1.646712018356150864e+01 9.207639479151428219e+00
8.854023030796602356e+00 6.611421466104642874e+00
4.130937277196728985e+00 5.228804716082079196e+00
1.190771455318463268e+01 1.046974248225259174e+01
1.086253542910613135e+01 1.391973709520037161e+01
1.083797450355313963e+01 1.176077269542170356e+01
1.020340963327126182e+01 7.147011080209815681e+00
9.534899999214431432e+00 5.904076825994968303e+00
5.354597246648039821e+00 1.051857926005951249e+01
1.033948726690447018e+01 1.136669561565920361e+01
5.151533030473009589e+00 7.931205293401344392e+00
1.288639932308737102e+01 5.003547638298602607e+00
8.407025948955336503e+00 1.500000000000000000e+01
6.415938944043167780e+00 6.981083363504960282e+00
1.497586688836118185e+01 1.045044451198355695e+01
5.518148677789738166e+00 8.772094898482228231e+00
1.383208333806290469e+01 3.519324261447648539e+00
1.330538477058389368e+01 6.857244528162717678e+00
7.594593945117624756e+00 5.314852660098086545e+00
1.338562392135512802e+01 1.009556928004963439e+01
9.255790724774996647e+00 4.745103091385683314e+00
1.450316763741669490e+01 1.013138949053667304e+01
1.371075548946394207e+01 1.349211396830882492e+01
7.218692399294834416e+00 8.144720550947274873e+00
1.119183140581166391e+01 7.470680804520905660e+00
1.642082996450311683e+01 9.551848324246142496e+00
1.292616519864955649e+01 1.354737540198779655e+01
1.186412238907314709e+01 7.708679513357832747e+00
1.551672508091648695e+01 1.497636117101301423e+01
1.386520481753137979e+01 9.490303946331707152e+00
1.871467327109647272e+01 2.970787959090536390e+00
9.913874461025251605e+00 1.137680699119493610e+01
7.372560307102019372e+00 3.460110232402187513e+00
1.633411720748907214e+01 9.539358916092650631e+00
1.385212339236885981e+01 6.734662136417691514e+00
1.457140394271847939e+01 8.131484099332411120e+00
1.409915304325025076e+01 5.055917104417288144e+00
6.784406549830022115e+00 8.722618477761992395e+00
8.695764228247856664e+00 1.447338213950583885e+01
8.956007817267451543e+00 1.351961372888109203e+01
9.252887995307363056e+00 1.053032580069343993e+01
1.175987602505327523e+01 2.027787829876995573e+00
8.967525835234717135e+00 1.061442330940493406e+01
9.987332604096117450e+00 1.304157992636691787e+01
2.003343101161709328e+00 4.390385843277135436e+00
5.854104163443826891e+00 5.160625139132372752e+00
8.243656396701197764e+00 7.449161578241852766e+00
5.435137453170494126e+00 4.172806337716737701e+00
1.617816791419100042e+01 1.238916079197400322e+01
1.350744736751114594e+01 1.015487206627357608e+01
1.473092266829788954e+01 6.285193216799834559e+00
4.874439526436023407e+00 7.265710811657350554e+00
8.296066659885848793e+00 3.654967739452859021e+00
9.259222111542660727e+00 7.664052461290214779e+00
1.403511622149375881e+01 1.282632474944121803e+00
8.166576001036254695e+00 3.288795684185243928e+00
1.018446760977328047e+01 9.252767875039952017e+00
6.390423835758801907e+00 1.083425589049331705e+01
1.048564430342020692e+01 8.555069685138347424e+00
1.628690472904406761e+01 1.476092875295862505e+01
1.201222554522001751e+01 1.013013520037573123e+01
7.147455356535552973e+00 8.069053121330425071e+00
9.941230222306618458e+00 5.649570932296877679e+00
8.101587238651102751e+00 8.778647642024521858e+00
1.685560059458668292e+01 1.185605136292645234e+01
7.930574986862756859e+00 3.629440794889271515e+00
1.205901774561372086e+01 9.793973286593406158e+00
1.411884790840168158e+01 1.271446938882406030e+01
1.097245975825315689e+01 9.369598478319115742e+00
6.224551031833263970e+00 1.218473092012625791e+01
7.246517628799809430e+00 3.875314731786342115e+00
1.518985987362787782e+01 1.341271017655189723e+01
1.307824429686356993e+01 9.723719662759350513e+00
9.752525086716200775e+00 4.604396548248034904e+00
1.613763476729245738e+01 1.236554481839459285e+01
1.423852092922127532e+01 1.329125387996185026e+01
8.188638937153781328e+00 4.568061559741147803e+00
9.059006337633421779e+00 6.086526130594008599e+00
1.023954345991752746e+01 1.033806143908178399e+01
1.160405519220128490e+01 1.496116342427941603e+01
1.222287970811944646e+01 7.634654445788158661e+00
1.072280967865102319e+01 1.014044732232143886e+01
1.211214706690044807e+01 1.046002890001935093e+01
7.414938579891574122e+00 6.900917026096208495e+00
8.094000061012803116e+00 7.054599064540250986e+00
7.014800260792289244e+00 1.077879045421510895e+01
6.071673666191888863e+00 5.961580767704614203e+00
2.000000000000000000e+01 1.030544451171344811e+01
7.153880915396125140e+00 8.476125185471673262e+00
6.254003384085471851e+00 9.598608241868682001e+00
1.017908367419045312e+01 8.397788866544884101e+00
1.205866112312359384e+01 7.742165005894258378e+00
1.425877900607466131e+01 1.000000000000000000e+00
7.022948295866214607e+00 7.042801059135213038e+00
1.291345954996909207e+01 1.065353464873840039e+01
1.247066296349833792e+01 9.282576463611523110e+00
1.168833343544358705e+01 1.000562933765984042e+00
1.753307729473817744e+01 4.870218250044345609e+00
9.580596425357173374e+00 6.254836006202605603e+00
8.101982382048106501e+00 4.446562401306067613e+00
1.952352920684081283e+01 1.269945074904124382e+01
1.084806960770265860e+01 1.282601421462629432e+01
1.572181899999698018e+01 3.210621386407090938e+00
1.371220273179286764e+01 7.445209164056113771e+00
6.171490900299714255e+00 3.330736893219441441e+00
1.350072138277199052e+01 3.708324437267968676e+00
1.278210245088431662e+01 1.171930336511485216e+01
6.428521358898239946e+00 9.849779199468397195e+00
1.431198241851703123e+01 1.307575162639954058e+01
8.337910295241542258e+00 3.647157183378267220e+00
9.524003487721579120e+00 1.208909307223408192e+01
1.497762992854555009e+01 1.121260060936781500e+01
8.530898695924488351e+00 5.556857650904889923e+00
6.131058662113465729e+00 9.547372193877123436e+00
1.247383293887029865e+01 6.559717569666574377e+00
5.565312151261882612e+00 4.599496070280707727e+00
1.300907281069012456e+01 6.633013085937212949e+00
5.661197905276374343e+00 3.498943140753965508e+00
9.890035094085984468e+00 8.281317788314476402e+00
1.081790894328315566e+01 8.177454089443903840e+00
9.438601165312871188e+00 7.547113393434545792e+00
1.637793561519232810e+01 1.354416221715895219e+01
8.291981760996170792e+00 5.817284038656007183e+00
6.952021683665555507e+00 8.748851018234725885e+00
2.000000000000000000e+01 1.154045596669829443e+01
1.004408324589736168e+01 1.115106693300154461e+01
1.031019289859157873e+01 4.320935453326228526e+00
8.242046364284782101e+00 6.683178243551394004e+00
7.538674205819075880e+00 6.930568801095898124e+00
1.119849739428320134e+01 1.181255648917250056e+01
1.924170639582283471e+01 6.551530099730463519e+00
6.399644156415576823e+00 8.065518541739017166e+00
1.397086951798690890e+01 2.652282265206278744e+00
6.900244520583440178e+00 7.190905289178312287e+00
1.085381851867681746e+01 1.073276684598950759e+01
1.707202180155583804e+01 9.343658146337780579e+00
1.212973270881811771e+01 6.252908626164932926e+00
9.825549815366905193e+00 1.355987878939618163e+01
8.736010221345782867e+00 4.735789613136022425e+00
3.871155775228743323e+00 4.030467735514149830e+00
1.079388296501989153e+01 1.080407865613945262e+01
1.412056621989545491e+01 1.127584584841704363e+01
5.413517359889224778e+00 1.068591283210833431e+01
1.516090342294955384e+01 1.038579005059233396e+01
1.495063549588419960e+01 1.500000000000000000e+01
7.380464015472005812e+00 9.925546361394644634e+00
1.287473671265050079e+01 1.199252831175945389e+01
9.675955473476530955e+00 1.025004097421245497e+01
7.663115775660751083e+00 7.407593750533260746e+00
1.393222705583184329e+01 1.314684801826806648e+01
1.042825821245826035e+01 2.678989698486322624e+00
1.326453587996528860e+01 1.212052020461566570e+01
1.382051823920475009e+01 9.543999341391680602e+00
9.689806434798784451e+00 8.761867277682295452e+00
1.062716954498106148e+01 5.474753879056042827e+00
1.302310805376503033e+01 1.500000000000000000e+01
6.376684686143065939e+00 4.843566947630415953e+00
1.370979373217139141e+01 1.192836042594195156e+01
8.533930904884357460e+00 8.543348224051808160e+00
1.026262358517971940e+01 7.766448368965524374e+00
8.002016007170313472e+00 7.619733788692753862e+00
1.143361279862866020e+01 1.106564010444859214e+01
1.958288121592322995e+01 1.137392487810647879e+01
5.494452568176352081e+00 8.784319002400815535e+00
1.473493497641457139e+01 8.360737176459181796e+00
9.954671125764619433e+00 4.274781081708079356e+00
1.067139829933318040e+01 4.264990746672630451e+00
1.004135064160698398e+01 6.475544168367692421e+00
1.644741113482277584e+01 1.328036828234058220e+01
7.736494772476548043e+00 7.467649582764097183e+00
1.717157251028081077e+01 6.824635116545890945e+00
1.365329221285695738e+01 5.833843913594389363e+00
1.539544676408188195e+01 1.307822693894995680e+01
9.639563669488893538e+00 1.085091077949061855e+01
1.744420810327039106e+01 9.704077894075215482e+00
1.127427402780529242e+01 8.520417705098356720e+00
8.645588706894757891e+00 1.182334203933204542e+01
1.496697589792074190e+01 8.774171337438762208e+00
1.100835176030935258e+01 9.113793837652789165e+00
1.084105782516058269e+01 1.318985941227074221e+01
6.973647478351398199e+00 1.470479737648498286e+01
7.199710868454520352e+00 1.023376340598696999e+01
1.454836064313617783e+01 1.163302222334674951e+01
8.999833859804191150e+00 5.437556373779489860e+00
1.638582913410658293e+01 1.500000000000000000e+01
1.194888688244819619e+01 9.631395482331297941e+00
9.658777112934906484e+00 9.355935478602493305e+00
1.483540182438276389e+01 8.665119009707165532e+00
6.902528523373586467e+00 1.093035752700109597e+01
1.259427493245438967e+01 1.309136165644395255e+01
1.126000205231934537e+01 4.884346568063424598e+00
1.098601452740155793e+01 9.154595850504790633e+00
1.348996048140324611e+01 9.796988592611528546e+00
1.246330420321507049e+01 7.566414434821898460e+00
1.726416284510196775e+01 1.109338725478961685e+01
1.381438031693127932e+01 7.233133697247121852e+00
1.506358039665780524e+01 8.483332552754241362e+00
1.161635187835374694e+01 4.280740923562130540e+00
1.608831994726153169e+01 9.093502217617521310e+00
1.448402846114392872e+01 7.330675045353828523e+00
1.808808397160421322e+01 9.419328353152112143e+00
4.078189113296845747e+00 7.840902441352087138e+00
1.478324310069383429e+01 8.557768655077769182e+00
1.081790310951366507e+01 5.350580892545089284e+00
1.085106855890005839e+01 1.227259714798205437e+01
1.333957663286184747e+01 1.426225623406276810e+01
1.882293946615817504e+01 1.563059104290980272e+00
5.959867098523994322e+00 3.973670110848638082e+00
1.378887752831446356e+01 1.080680644107202681e+01
1.305099290375306609e+01 1.374198290257165489e+01
1.539134102865063625e+01 7.834084432436090317e+00
1.125295673275107688e+01 1.431101144445460349e+01
6.432826082101954945e+00 1.041091540606787724e+01
4.142516375741955414e+00 5.977566402050833005e+00
1.615886753383035312e+01 9.865999617763277385e+00
1.242202461371778810e+01 5.586416243862788455e+00
1.024301435988428999e+01 6.651070616234935784e+00
1.724707896605356083e+01 8.436520533277779066e+00
7.286136538331442480e+00 4.225503645068595659e+00
1.905777064389611652e+01 6.641507044375728697e+00
9.206545366588470003e+00 6.267417053707578845e+00
1.208017831549018517e+01 1.020279522864947808e+01
1.726212472520241903e+01 2.140529090551496871e+00
1.056901864508232514e+01 8.170817720929383299e+00
8.243288659736405677e+00 5.178105979180279483e+00
2.541746940517006337e+00 3.830850593493858369e+00
1.234990387203945694e+01 1.340772393061688916e+01
1.277208995564927463e+01 8.250576216992909551e+00
1.721548225190893788e+01 1.424934717068460444e+01
8.196297162678543913e+00 9.926388520304314511e+00
1.097912864908538744e+01 9.699019907496220227e+00
1.422822324894392665e+01 1.276459689813811949e+01
2.000000000000000000e+01 6.117942398345661559e+00
1.490501285130694242e+01 7.606726828581037658e+00
1.035146753933751107e+01 1.500000000000000000e+01
8.782637766002313384e+00 9.222299178874900250e+00
5.524875997445767517e+00 2.075502355398182175e+00
9.469271602867079807e+00 1.000000000000000000e+00
8.363782215228374284e+00 7.993261263790078175e+00
1.406911478486265921e+01 1.136458184391293713e+01
1.307625003862652946e+01 1.304644867262189400e+01
9.905165019815122207e+00 7.692080436766701723e+00
1.039634371152976300e+01 1.081780778974857782e+01
1.182875778401215605e+01 8.377541546189773314e+00
1.178250146539703458e+01 6.336294868321968643e+00
1.715896791913488784e+01 1.127455717237383581e+01
1.687850013559008744e+01 1.078070313692408178e+01
7.459572591217360937e+00 1.173014283730651641e+00
1.537251859362920747e+01 8.862243089653432548e+00
6.671686689163202288e+00 2.629984089300430483e+00
9.564408910140501874e+00 1.132772204089159551e+01
1.317070691179799802e+01 6.342067233900555046e+00
1.046148866348194595e+01 8.688528608014530974e+00
1.232797807822784719e+01 9.489250886854122768e+00
1.032944386982691398e+01 7.734141051375957865e+00
1.551416157580516497e+01 6.209977369426564309e+00
1.571356360152307019e+01 8.165387756902836358e+00
9.203354995780355097e+00 1.481143179071203342e+01
1.770092551912238221e+01 5.270366221277493324e+00
7.851587279283345211e+00 5.111970390920317797e+00
1.488394205998839581e+01 6.902238918088505315e+00
1.485098536408788128e+01 7.689100457340686035e+00
1.270902885205456911e+01 1.235116911730800027e+01
1.176694240739926300e+01 7.220447977280141316e+00
4.487662138736096651e+00 6.114573295953959153e+00
1.619828488105860487e+01 6.969795909660962074e+00
1.301237154846144151e+01 7.992775414398572309e+00
1.301676141365577166e+01 6.279912891387379403e+00
1.330232796014165508e+01 1.207400687875970746e+01
1.229456748978821423e+01 5.815128934471699651e+00
1.158475837757026383e+01 1.219251846766576008e+01
1.380791477693781388e+01 1.248679830585178507e+01
1.334655504989183328e+01 8.987107928458550887e+00
1.668518009810893332e+01 1.379613357338949520e+01
1.483867051981066254e+01 1.500000000000000000e+01
1.326982275211985218e+01 6.375441654470213493e+00
2.124538620672533185e+00 2.978939835722494323e+00
9.605308678313566162e+00 7.311787459270190581e+00
1.268067513323861384e+01 1.266912397755342568e+01
1.420422672680498621e+01 7.395512537600376746e+00
1.628810743906191760e+01 1.204358111352942018e+01
1.360086970479521540e+01 1.123666599381495601e+01
1.026460776047785295e+01 8.419176729001311088e+00
3.364570249826464021e+00 4.952433107740184859e+00
1.440871137760571585e+01 9.773147668772582009e+00
1.214490315534567344e+01 6.277400794437570930e+00
1.439415994993434467e+01 1.423782370009664788e+01
4.806520120963623910e+00 8.489157322317449683e+00
2.000056338302645287e+00 1.578033515261327402e+00
1.525998671135767104e+01 1.099795784654226161e+01
1.206612297797705224e+01 7.912450016868152858e+00
1.276951123999799442e+01 4.463545944517786523e+00
1.773669562198619332e+01 1.320556131514149811e+01
1.087135501932110415e+01 5.309164356241801386e+00
1.774468865717053845e+01 1.364053434058419256e+01
1.140537400031016446e+01 8.642292879348046242e+00
9.786797467672030848e+00 9.925004271889669383e+00
1.309444709887107017e+01 1.237714335679390132e+01
8.846330132413685376e+00 9.244577182744173172e+00
1.148470612378191014e+01 9.478485295315866921e+00
4.099917379089736080e+00 6.245721783533253024e+00
8.814859328923018822e+00 1.817517842486870983e+00
1.431886962784846062e+01 1.478433956373411817e+01
1.403837257605109023e+01 1.124648394531618401e+01
1.568840888106482545e+01 1.130306828081040038e+01
1.686717320575533208e+01 1.384243940675205664e+01
1.400000413510152697e+01 1.196908088564994443e+01
1.259101441180321501e+01 1.018618064414189561e+01
3.705554077236915766e+00 8.865853353712884299e+00
1.135479732990635071e+01 1.118911220647397187e+01
1.194189649106311535e+01 1.223648414888651814e+01
1.320797960865358256e+01 8.768904750076622179e+00
5.933311725011792603e+00 9.899738486229390233e+00
9.182651629556508155e+00 9.173162229439617121e+00
1.011028323405463247e+01 5.781451998448512875e+00
9.270916748242008509e+00 1.000455711798399960e+01
8.162460777830673919e+00 8.320333817286712730e+00
1.731703696512775537e+01 1.500000000000000000e+01
7.154892140739235629e+00 8.837765912724712791e+00
1.936551670694105809e+01 7.020991198104379549e+00
1.819092194001128604e+01 9.252975467285921241e+00
7.943149988745799917e+00 5.320855196736706816e+00
5.969891570511056678e+00 2.762154383016621750e+00
1.701178518848688981e+01 9.110684367640336845e+00
1.046071063943686319e+01 9.721458772142584692e+00
1.396378292525827725e+01 1.289248631844975534e+01
1.018250353503372096e+01 9.934286580960330681e+00
1.084050675428346544e+01 1.314565888459038412e+01
9.235650825571871891e+00 6.027888760937786472e+00
6.518904802703988643e+00 4.806280299709328574e+00
1.993315203145439796e+01 3.409416883565683065e+00
1.284586746775329757e+01 1.074550739622212525e+01
9.443691698712740390e+00 8.549184085665633148e+00
6.854136827720244796e+00 7.000920578305417585e+00
4.516442820983609607e+00 7.903889440856187498e+00
1.166330250212354080e+01 1.136483981836581236e+01
1.947054122461752712e+01 1.283490035164626164e+01
1.160127908935828778e+01 8.370904550295350077e+00
1.085972092717019422e+01 1.371971654752299585e+01
1.635990053400275812e+01 7.174394803149543698e+00
8.825189563574060259e+00 1.116741513706229583e+01
1.234408166102750926e+01 7.620832168108186977e+00
1.861035209736622775e+01 1.309876833880992564e+01
1.372322476961399040e+01 8.275313560683045466e+00
7.791561995428280873e+00 7.846021486036676151e+00
3.306358089282008805e+00 4.877740833799562026e+00
8.353086421756863444e+00 1.107613310354773084e+01
1.071257310643867022e+01 7.136455095741633947e+00
1.748847274579793520e+01 6.940270565859586682e+00
1.166332306824916820e+01 4.376728378808047992e+00
6.910695628627003373e+00 8.145479758339636334e+00
6.103329067387523565e+00 1.182599533497831956e+01
1.675913068970717390e+01 4.884459661468051550e+00
1.621241096551372962e+01 9.560331149158344033e+00
7.778783026745570872e+00 9.455724883878481535e+00
1.470710899543220762e+01 1.066199544107418795e+01
9.546287745825896565e+00 1.500000000000000000e+01
8.112620850545841478e+00 3.901445126400886032e+00
1.172185485765644941e+01 1.248793074226068356e+01
1.257890792189122386e+01 1.111036201815637625e+01
1.139514746279245649e+01 5.462660173043532907e+00
1.061910036727043227e+01 1.184010649868191933e+01
1.654831729559430897e+01 8.105097089637391505e+00
1.492747249201745952e+01 6.713150851114953355e+00
1.016758422804446305e+01 6.631316644279593220e+00
1.438915815446580382e+01 2.038864288880073872e+00
1.376669254808396659e+01 3.882837553136415210e+00
7.553629823908309504e+00 5.078048839548609195e+00
1.887483612109356912e+01 1.377014907981578418e+01
1.422381701658892617e+01 1.325525611065812193e+01
1.451997172353624777e+01 6.159151713084477286e+00
1.955625282044468349e+01 8.684191456568358447e+00
1.907333884659180967e+01 1.084485781174131347e+01
9.681115902815708552e+00 3.723771884974901525e+00
1.234498739401760048e+01 5.203196544766418796e+00
5.813831781791162001e+00 6.143655094308718034e+00
1.412091978298327355e+01 6.099916811183074827e+00
1.533126550261462206e+01 1.485498853013834086e+01
6.235284636825451088e+00 9.205369313312093738e+00
1.074194199613631540e+01 7.741365496168467253e+00
5.225255033290241435e+00 8.710105735949291272e+00
9.117907064117492411e+00 1.110002747892005104e+01
9.232814167849749509e+00 1.498793496555003379e+01
8.630882338991982650e+00 1.050481826808629471e+01
1.293398987190717619e+01 1.458561148016395848e+01
1.555445645604503291e+01 1.350780871461220123e+01
1.239274089573252979e+01 1.331597974052408340e+01
1.053998993274084839e+01 9.071716848428474478e+00
1.422272672804864513e+01 3.539442066624079786e+00
1.345577483381096151e+01 3.044833802820956059e+00
1.503888997329285182e+01 8.072231160719793408e+00
8.347982699044058208e+00 1.384518145122666510e+01
1.197334078658747636e+01 1.453883323417706208e+01
9.776451599713261942e+00 7.453240062628305296e+00
1.396195112760458024e+01 5.022721250056298103e+00
8.886673680663506047e+00 1.006879256753564000e+01
1.436976297136510716e+01 1.199729714301248507e+01
1.263140797869076337e+01 9.770371308736697458e+00
7.919719017508515257e+00 4.927382913180964330e+00
1.658682014662685589e+01 7.806465173263043233e+00
7.733850529245277272e+00 1.245195931537129752e+01
1.261328140999521530e+01 9.917053193071353689e+00
1.115735915873125883e+01 1.418914750568542615e+01
1.075972715693067805e+01 7.619880436469387952e+00
1.011205287003602926e+01 9.595140940447405953e+00
1.535934839451779510e+01 7.124951960527783790e+00
1.133072074977753374e+01 1.319540531455522014e+01
1.024002964763108103e+01 1.120797513680038904e+01
1.420160941597009163e+01 9.928181835541650457e+00
5.543952883153411726e+00 9.361587220614051574e+00
9.611477527494157513e+00 7.485614177010874393e+00
1.547591693715784444e+01 1.142496277264451621e+01
1.374722318827828715e+01 8.173894727350027978e+00
1.579046515652239790e+01 5.664643087014349376e+00
2.156696633403232255e+00 3.861649919107555284e+00
1.210938816024621367e+01 8.439997676493677048e+00
1.176585834141574338e+01 1.476088002769472673e+01
1.234612289587621703e+01 8.740304592494197777e+00
1.517183259187831368e+01 1.491934505119442278e+01
1.291526460231116857e+01 1.231187623133722653e+01
1.235903680296123142e+01 8.895959212486813428e+00
1.990870879292591411e+01 7.917918978282354026e+00
1.065572845864053697e+01 3.825893032243368630e+00
5.301032363983311235e+00 4.933274310165602472e+00
6.715514625355736733e+00 4.825701590272813313e+00
5.342413109527619497e+00 6.665436267077163635e+00
3.825699493076288427e+00 5.288309127850178371e+00
7.840439129523781858e+00 4.221813572527501002e+00
1.838283493356126996e+01 7.347828386444763993e+00
6.451923157834907663e+00 1.038654270089279663e+01
1.693172126752872941e+01 1.026870554346488973e+01
1.151786723045629302e+01 1.038546880662677019e+01
7.845307846048447331e+00 1.028201478705132388e+01
1.022163020685570345e+01 5.684845438719429822e+00
8.264148724961435377e+00 2.860318702873965613e+00
1.657967049904778634e+01 1.136913559933035245e+01
9.343880835617547120e+00 1.504331117333205015e+00
1.332389923718802649e+01 8.063533100625363659e+00
1.087873530690071888e+01 1.127518130915542116e+01
1.430655183453886181e+01 1.086773793908584906e+01
1.599490806629012418e+01 9.705597883886632360e+00
1.296586369949460504e+01 1.069016472519909300e+01
9.256123780595157058e+00 6.938756601797406276e+00
1.117872901262413521e+01 9.985322710494383358e+00
5.034681980800939982e+00 4.546630958976650483e+00
1.683627939989580469e+01 1.053521924109043795e+01
1.244751439303067109e+01 1.500000000000000000e+01
1.503068769423927975e+01 1.113453074136078946e+01
1.494504398213619467e+01 1.432170583323006596e+01
1.015561937358965139e+01 1.070614616692734877e+01
1.218743898736578934e+01 1.162242291935163685e+01
1.207676202642560526e+01 1.279425482208279519e+01
1.122478803328777097e+01 1.012822257458102015e+01
1.409175469010911463e+01 1.021619068200743996e+01
1.676470498776074791e+01 1.346433412815127184e+01
7.537347572700550558e+00 1.014607625338345720e+01
5.993415097221389765e+00 5.570046953819804969e+00
1.085137702621278954e+01 7.597043203341299566e+00
1.258398470685952475e+01 4.154257641558578129e+00
1.150911333416061311e+01 7.044880875435946876e+00
3.906061294483663460e+00 7.091828307090443317e+00
1.435866183881834957e+01 8.230332704704000690e+00
6.944777336590214567e+00 6.798279252693754771e+00
5.210857085877333539e+00 6.513179029407403675e+00
1.058500950343672464e+01 1.213446780378402323e+01
1.035251684563715635e+01 7.243437821051494474e+00
1.469087978702459729e+01 6.289960319063816030e+00
1.400230201303655519e+01 5.245295426414559259e+00
8.038842738258731302e+00 9.923880700036065150e+00
1.973313108547609573e+01 9.565606349165417299e+00
5.424834481894485805e+00 7.274614294840876738e+00
1.678583326241359686e+01 6.350840431669352526e+00
9.314678017318996694e+00 1.186761362041148438e+01
1.142899274013403854e+01 5.127503638137129727e+00
6.207197638223769687e+00 2.983821011811212287e+00
2.000000000000000000e+01 7.071274092416057755e+00
6.804265449084815565e+00 7.355048482358846229e+00
1.036402187458460311e+01 7.977149845796068561e+00
9.786591054947320956e+00 7.134258386801584528e+00
9.711234672362557774e+00 9.202631133384347351e+00
1.268021324203859734e+01 9.705257650231716937e+00
2.000000000000000000e+01 2.981692332397585687e+00
1.096995733601737832e+01 2.664482419385844736e+00
8.875916535988219280e+00 8.427315585914088913e+00
1.621307001093859412e+01 1.070175059805790951e+01
1.031748637213105368e+01 8.666182306146678727e+00
1.009383967964526541e+01 2.399883542419746441e+00
1.266670452056659535e+01 6.534375455341619343e+00
1.461719926024159832e+01 1.169499935704654270e+01
1.130288239595220823e+01 9.304819638883522259e+00
9.691049260011268984e+00 1.111577837592744622e+01
2.113259048340776047e+00 1.081574665364489540e+00
8.285172785550589225e+00 1.367030779220227288e+01
1.000308236939412510e+01 1.499609577917377834e+01
1.883295850567965957e+01 1.302447118452620067e+00
9.382604647929460029e+00 8.131993241354319224e+00
1.043034004253915015e+01 1.016656400780543734e+01
1.483238839212413751e+01 1.000000000000000000e+00
1.522184791483060984e+01 6.378566928963323335e+00
6.361515066872059698e+00 7.363891055652860729e+00
7.490061073275112946e+00 7.958369445225215166e+00
1.289932017178401580e+01 1.482793361381870945e+01
1.040178578120873532e+01 3.614880817645115485e+00
1.757065103802601413e+01 1.459597505123286254e+01
9.201080341724690470e+00 3.643564624366095295e+00
1.798896539007623119e+01 1.097662596181350381e+01
1.440538838192569493e+01 4.922407180466611187e+00
1.015438574598193533e+01 5.496933444019229675e+00
1.066364269739549897e+01 1.198710066124771423e+01
1.126486485708741903e+01 7.924039433922936304e+00
8.582459889841823397e+00 5.444125177531363491e+00
1.333983329844047105e+01 9.182108912077236340e+00
4.880717207428485693e+00 9.750259032380675706e+00
1.185955339010580190e+01 1.081766527668382238e+01
1.151145840104995344e+01 1.217870411525753482e+01
1.409804738756006692e+01 1.008453444912637664e+01
8.182683965511982294e+00 5.175824413764146925e+00
7.332450183458290027e+00 5.253288702233107621e+00
9.279191636736740634e+00 7.250820626161169180e+00
9.855540751637406061e+00 7.541248395082249090e+00
9.453408168906346276e+00 6.897783933187852767e+00
4.914724918193638104e+00 5.417507657709754731e+00
1.512510478877292641e+01 1.491258048651843104e+01
1.124313214045789877e+01 5.336183538925075354e+00
9.587836746589440295e+00 1.431230103279493093e+01
1.148429127626412871e+01 8.477055989594829200e+00
1.550428044071254874e+01 7.113653499748196829e+00
1.301483829041645457e+01 1.401263621903745538e+01
1.211697773079975349e+01 8.518427697646400176e+00
8.407365735837558418e+00 7.564355726120173706e+00
5.357731091400674828e+00 1.244286522617815294e+01
1.719660429350464881e+01 1.022940345584546051e+00
1.165583887646774741e+01 5.706063534961263173e+00
1.642082167781630986e+01 9.857700446693090868e+00
1.325804884790481886e+01 1.456998336690516638e+01
1.188209827034271449e+01 1.381092020534162756e+01
1.049509361984419797e+01 7.988042214181922951e+00
1.554810915041839259e+01 7.010045038286581764e+00
1.418071430544725686e+01 4.610519693241840855e+00
1.280805811258251481e+01 1.002230348986044106e+01
1.628954734412283756e+01 8.598765738960207017e+00
1.141068447938435959e+01 8.045175347895524354e+00
1.999877966009424668e+01 9.334282680379221375e+00
7.888050060377197248e+00 7.906062722334977977e+00
1.015730337464179023e+01 9.052860189648468392e+00
1.362595511848124730e+01 1.067006210888553319e+01
1.145649146489207304e+01 1.375113332582633596e+01
9.902551024834725268e+00 1.040670387399856978e+01
8.861249566418139878e+00 1.304358164374483664e+01
1.668610254479344945e+01 6.634506611378893304e+00
1.250033591154448587e+01 6.799184414538357757e+00
1.187994749935963945e+01 6.854602129946901989e+00
3.049313076269941192e+00 4.387940846643473947e+00
1.243807752194678784e+01 7.396306706609685477e+00
1.027582274653305738e+01 1.075496180809369129e+01
8.183655911224054336e+00 8.851064803906115941e+00
1.139038215967287648e+01 8.755678731090412725e+00
1.286000533225332632e+01 1.025551196023154432e+01
1.044752677048651535e+01 1.584813729760778500e+00
1.193039983946545490e+01 1.104426138205920260e+01
1.388855192214471934e+01 9.347379022573711893e+00
1.061868358933366885e+01 2.212567140994897485e+00
1.222693654831205556e+01 9.875240983557425523e+00
1.043367053060037186e+01 1.057445574934292765e+01
1.426840158649938495e+01 1.000000000000000000e+00
8.328387611663663037e+00 1.000000000000000000e+00
1.083299988060081631e+01 4.626905454545505059e+00
8.430211690087688226e+00 9.613954060491105125e+00
1.413112097730948413e+01 2.916076781231344839e+00
1.059163063276490391e+01 7.041064060305505912e+00
1.486279177247141803e+01 8.395455668668642346e+00
1.012577443652314813e+01 4.481386875235228828e+00
9.622176146874048541e+00 7.517284593423108952e+00
1.631479901990882553e+01 1.395009569888174283e+01
1.416593461127038189e+01 5.331823280544018218e+00
1.365116612575725341e+01 1.277859862205028563e+01
1.061654494367566670e+01 1.046539153830550539e+01
1.002940165558880281e+01 2.681741187197632215e+00
1.881754974424969262e+01 9.683247213771409179e+00
7.837042248791094678e+00 3.612695416664498893e+00
1.301013413537190289e+01 1.122810834423690096e+01
9.573328705074583667e+00 3.419878935487246530e+00
9.874075520303506437e+00 8.521702085479926581e+00
1.431493041259110477e+01 1.830166572501720879e+00
8.961836757021661271e+00 8.536343855375349676e+00
1.216119166168748045e+01 1.122124119271436982e+01
1.241241917066164291e+01 6.555611594526194352e+00
1.065329528994345942e+01 9.693289549838915775e+00
1.619033355669603935e+01 7.949735116017116354e+00
7.907809487121487457e+00 9.189596031520336439e+00
1.396659357019387926e+01 5.035092753798994458e+00
9.347939618096441805e+00 4.982652747994579912e+00
9.760883682383621363e+00 9.203663792655577325e+00
1.814120326660862048e+01 9.123683630127343847e+00
5.853039596638009101e+00 2.859597646982879660e+00
7.834658468666640729e+00 6.472258471690444992e+00
1.920813616720717931e+01 6.532083180729228999e+00
6.232247024138570346e+00 4.560314695378242966e+00
8.151814045985585011e+00 4.794360856597920773e+00
1.265359842552974712e+01 5.138173684345964887e+00
1.138322323161581018e+01 5.593645722245886631e+00
1.965748326349415720e+01 4.995445438396661331e+00
7.479029439217489639e+00 1.063577134927545131e+01
8.621428776815875494e+00 1.081949689711914431e+01
1.212482279530502716e+01 1.299192799664328746e+01
1.434891560125971566e+01 1.066653561615274093e+01
1.127628393483251479e+01 1.120943074488949520e+01
1.705402475617297497e+01 1.500000000000000000e+01
9.028506824777526418e+00 1.157895471145136668e+01
1.041450301255567545e+01 9.063469754130078826e+00
1.436575702425437662e+01 2.755120642037089063e+00
9.134822144762246410e+00 1.100742726869048660e+01
1.741906339279509908e+01 9.799770190204096565e+00
1.386315323851581027e+01 9.122483280442315490e+00
1.303094851942984178e+01 1.039058010340178129e+01
2.000000000000000000e+01 1.252267709007224461e+01
2.000000000000000000e+01 1.447624839935225083e+01
1.105179780014607971e+01 6.367908962893204183e+00
9.536788747452511927e+00 6.893765015578084743e+00
1.632826449229234811e+01 1.176526419223294972e+01
9.672643501038981739e+00 5.185321903006061106e+00
5.861457960265136435e+00 7.718467632451235794e+00
1.029388591580830514e+01 8.822359610963619758e+00
1.367964989472773318e+01 9.951472008931588675e+00
1.842556910887392618e+01 1.155457792458190802e+01
1.418529419113365364e+01 7.687297022039782490e+00
5.733469076589462254e+00 6.405073621282442176e+00
1.172499302517322128e+01 1.270132769947585771e+01
6.517358877628856462e+00 9.234101043180764634e+00
1.467284224706770246e+01 4.472052870462506213e+00
8.505485750396358569e+00 7.777350233852505568e+00
7.669495223318149257e+00 5.214008163014168140e+00
1.360600151517220269e+01 1.227440088556939202e+01
1.687179799622681031e+01 6.507479747971444795e+00
8.768034383189498016e+00 8.056232343481250169e+00
1.197614288142735717e+01 9.752625585790005047e+00
1.245425501390550593e+01 1.148888443157375150e+01
9.943382801188148434e+00 5.981143310664729817e+00
1.250081584325340600e+01 6.089089463438996930e+00
7.950050762572880458e+00 8.956149026056070994e+00
1.824019759848714983e+01 7.379993795403828827e+00
1.493618512929147180e+01 8.356907255896739883e+00
7.335503005330478388e+00 7.710265139602584306e+00
1.284680898692281303e+01 1.154099227700626429e+01
1.381584701558258743e+01 1.195089017515001650e+01
1.550049899307369117e+01 1.294887884289826729e+01
1.667619377853415585e+01 9.879614399125395963e+00
1.497970748882184466e+01 1.259851371967749856e+01
1.819086200414914600e+01 4.690917924280292972e+00
1.148786441220802068e+01 1.209270104628158293e+01
1.128358002830564466e+01 6.998495482123988864e+00
6.638356616508305663e+00 5.658795951613992514e+00
1.933461678825800334e+01 9.718012233659811372e+00
9.047513741943630450e+00 1.016309365796131736e+01
8.920018516432644873e+00 8.124002268839856100e+00
9.468774195023085483e+00 9.663457786241568925e+00
1.471979226024051535e+01 9.964741966630944248e+00
1.552444326274279618e+01 6.756673781893731245e+00
1.740618367176958614e+01 9.911071690159387160e+00
5.487399365309287624e+00 7.873030533039572454e+00
1.114057282731003440e+01 8.055997016023640711e+00
1.286235241914187100e+01 1.140735158957123474e+01
5.099567037407332748e+00 5.228033902292456681e+00
1.325284497203359635e+01 8.090397336208688728e+00
9.656923869348728928e+00 3.739550283114480678e+00
9.143698623155321670e+00 5.928520401610525070e+00
7.734769501572944961e+00 1.528544435424961989e+00
1.315536680099317302e+01 8.752294519968911501e+00
1.778077230203100356e+01 1.612178113673144786e+00
1.143218725522093671e+01 1.253334725680145922e+01
8.649010808719024723e+00 1.481290410058143081e+01
4.473176143894042056e+00 1.000000000000000000e+00
1.785719120220338851e+01 7.373849133758275443e+00
1.098354992922440942e+01 7.358548061119308592e+00
7.743151774832451650e+00 6.533736284196618449e+00
9.647589186073432188e+00 1.168291352980211073e+01
1.989242841911130100e+01 6.644051614349557155e+00
1.383474996950800318e+01 9.266472386779177839e+00
1.303350404178816468e+01 8.878162879460381518e+00
5.415777195982204972e+00 5.908870437788653618e+00
1.522362065043072477e+01 1.027382171780717890e+01
1.000908108496751225e+01 5.178483836056717138e+00
1.534433169186519308e+01 1.242370673096162825e+01
1.364423441688354721e+01 7.636784327766865665e+00
1.740590046364084387e+01 1.162614258202930273e+01
1.398898818546063438e+01 1.001410670750821552e+01
1.110656883770684544e+01 1.237583199926184108e+01
1.158609160748642530e+01 8.551520761922846603e+00
1.225449848272510422e+01 5.212537863345117373e+00
9.967956538300221325e+00 3.270299053284843716e+00
1.269005738574779585e+01 1.072072442931584568e+01
1.677413389337297644e+01 9.389527634813472190e+00
8.565636849257538543e+00 5.194958168529910658e+00
1.161310548306483525e+01 1.113415176856731215e+01
8.969985779489769939e+00 7.020769982704551104e+00
8.232657861407904676e+00 3.849412074320206933e+00
1.000319940353490722e+01 1.125158854948074350e+01
1.740000771527535051e+01 1.287162191922928578e+01
1.006863001838085836e+01 1.163299456347749405e+01
1.299820128093722005e+01 2.706612293191740015e+00
1.048006058706677734e+01 3.008317532064355149e+00
1.387726747545795369e+01 1.015237415511795227e+01
3.862475522006953987e+00 4.280105631833775348e+00
8.155732034282930698e+00 4.820905605024623952e+00
6.908675930352432104e+00 5.632041746180513897e+00
6.134044841500246648e+00 7.087397409902726153e+00
1.313933366163760041e+01 4.874856338000308931e+00
1.548256289251122730e+01 5.631546551443863180e+00
1.466749163272438850e+01 1.407295702543701132e+01
8.067036237477596572e+00 8.676105724917285045e+00
1.331356195171078483e+01 5.682295957277041509e+00
1.620996658582442507e+01 1.298034739357722600e+01
1.272052382170971896e+01 6.934949036784628262e+00
1.121543105677876540e+01 1.282822318880520029e+01
3.136864236375182635e+00 4.547426129705255171e+00
5.920242374411543551e+00 9.190103508889588824e+00
1.046223758069500320e+01 7.146889358719877627e+00
8.774982654946793303e+00 6.920582708344608314e+00
8.956515778622588186e+00 7.290495718273038328e+00
1.468799235149910309e+01 1.382622085723587801e+01
9.225549042470698069e+00 2.646622328679862690e+00
1.809066723100377416e+01 7.287301836277364941e+00
1.592686446414059098e+01 1.486487396419129325e+01
1.282359285792922599e+01 5.474658721462355437e+00
1.361256795817260290e+01 1.465418054222431188e+01
1.108847077265865266e+01 6.054246277899130391e+00
1.533197414865680486e+01 7.330958861676279525e+00
1.352166560547281904e+01 1.885026605603607130e+00
9.462637877489605387e+00 2.605414060401168186e+00
1.044664511242967642e+01 5.317891868514548648e+00
1.228519593698067247e+01 7.321931781008985674e+00
8.540737753784311437e+00 8.466471393539942270e+00
1.198352872323787643e+01 1.073202790326802969e+01
1.021911016023119601e+01 1.500000000000000000e+01
1.112002996421204415e+01 4.752151352413639174e+00
1.058947664691731916e+01 4.557806449053738440e+00
9.685393931870873274e+00 9.134162539291846628e+00
2.910848096270957086e+00 1.324509005652207527e+00
1.103369622427054253e+01 1.178107252602890220e+01
1.269395572132339112e+01 9.638985598044511605e+00
1.491369584876393972e+01 8.516071111193131316e+00
1.100430067017747326e+01 2.887336828529184274e+00
1.245816824592959016e+01 8.971245565970027869e+00
1.509182613224187719e+01 1.444208488505089605e+01
7.911856835613480854e+00 7.394036608372422492e+00
8.662932710106574064e+00 1.058757875049378860e+01
8.781517023249158171e+00 7.938455335556954040e+00
1.389698942693963524e+01 8.209043471435780503e+00
1.119205119422833050e+01 1.227281532043045154e+01
1.386223704036746263e+01 1.486519273401822971e+01
8.885770501710355873e+00 7.720751307712193423e+00
1.452784073449993052e+01 8.729504744622353485e+00
1.143139864549985063e+01 8.197055688090712167e+00
1.192175223011461682e+01 9.833049923392074732e+00
1.223638021576576840e+01 1.500000000000000000e+01
1.470926409081959996e+01 1.063566802569546610e+01
8.937488591781235669e+00 1.050891504301040236e+01
1.097491187932907231e+01 1.154674725946743941e+01
8.493370945284059559e+00 8.846816755023448664e+00
1.398765503320095149e+01 1.137212726700994025e+01
9.549696163608347277e+00 1.000000000000000000e+00
1.665266890300619451e+01 1.000000000000000000e+00
7.560966396598431949e+00 7.839769336749323969e+00
5.426895998569932544e+00 7.113737635988177210e+00
9.795600301663581533e+00 6.783513126732914067e+00
1.242340924002007441e+01 1.101088326365362668e+01
5.890722306331245939e+00 5.139468921629442910e+00
1.214358878842522138e+01 4.945201240771520901e+00
1.092599380096959116e+01 1.362142860646609144e+01
9.825967505014748582e+00 7.402239790047504542e+00
6.948918460010874654e+00 8.060238912749941420e+00
6.059961125991298658e+00 8.605658721670490507e+00
1.176402820410658734e+01 8.840453238215779663e+00
1.366947910602276650e+01 7.930633164984218553e+00
1.555222345122822425e+01 9.832836885210854305e+00
1.241070910624771706e+01 1.000000000000000000e+00
1.570741208734464145e+01 7.805699480285595904e+00
9.233509970990082749e+00 8.315452067818025483e+00
1.133426205958564381e+01 4.434085913727645156e+00
1.434413720361836653e+01 1.016412844986771624e+01
1.259854540081958696e+01 9.254425825252219795e+00
4.137529197204309561e+00 5.000016959880584366e+00
1.127388511212673627e+01 9.739377544628672112e+00
6.181133825804447923e+00 6.897777816846634380e+00
9.584593740953661012e+00 5.212181933416871082e+00
1.415542746006402197e+01 8.515753301598749658e+00
1.706408071430199413e+01 9.777869484399356992e+00
1.564799586925724917e+01 7.670224004992610034e+00
4.891563293289150849e+00 6.073906671658098944e+00
1.187024448949768640e+01 9.930857004650533781e+00
1.252477794813739287e+01 1.030677752186581131e+01
1.143950785273124104e+01 8.969799992923544352e+00
9.264533628109791863e+00 9.036866845267892856e+00
1.917353488714118726e+01 6.143719942029266079e+00
1.937956161506136610e+01 8.295841958599860178e+00
1.309371936133010550e+01 1.499554118150091142e+01
5.074171183437412580e+00 8.965267334381440634e+00
1.384435921316252660e+01 1.497711428305372294e+01
1.110014471299508010e+01 1.322783051799558862e+01
9.526551270645168046e+00 4.791088339380469741e+00
1.427289668980235859e+01 7.567519251840021610e+00
2.248175819958442290e+00 2.510034111313711236e+00
1.050418518807290802e+01 9.126800222276003183e+00
2.522348027610036070e+00 1.264969268775534950e+00
8.624957358846474520e+00 1.298353877515998533e+01
1.424840995088161222e+01 1.031481217357745628e+01
1.270784702965801927e+01 1.376029422979156536e+01
5.933589033832756598e+00 7.839424277019690024e+00
5.573999254903757361e+00 3.140830472393647987e+00
1.380122971630773954e+01 5.373000238415528429e+00
1.262232689788609719e+01 6.142402482442120615e+00
9.775390787139452087e+00 2.220054924411735797e+00
1.096293834691347335e+01 6.714037611195412758e+00
8.625745586190191716e+00 9.866474225494670236e+00
1.692586109780068782e+01 1.231260018986886706e+01
4.881503788410594069e+00 7.486964702826255369e+00
1.396840239671737827e+01 1.127978102858511988e+01
1.761210093487412109e+01 9.774269512722669973e+00
6.906765642797625837e+00 8.187841211977911371e+00
8.679636715006026293e+00 9.022296152001370473e+00
1.319146188139972864e+01 1.000000000000000000e+00
6.377458040844778964e+00 7.945568835896161808e+00
1.527610441821182619e+01 2.143541721983746484e+00
9.979290949670616584e+00 8.117459315742584280e+00
5.176995538699326715e+00 3.290632774057724141e+00
1.444632755968378390e+01 9.326870861685017999e+00
1.468345004641239981e+01 1.126338003543249755e+01
7.924776772759919652e+00 8.054346813205341959e+00
8.254730311591174541e+00 5.728681036613171962e+00
1.310969347297120358e+01 3.920875637163578453e+00
1.158290652955171574e+01 8.639417518845091237e+00
2.230015346850317215e+00 2.762338214971172157e+00
1.383081763021899313e+01 5.644815032738991434e+00
8.770721785246333724e+00 7.427229618350535745e+00
1.637033389823987051e+01 9.512434358906634913e+00
1.523448601325582175e+01 9.683450941583608085e+00
1.857300623725778621e+01 1.190184640434131857e+01
1.070259644368925400e+01 6.202419394597281865e+00
1.220896181521996127e+01 3.764330682796842353e+00
1.047381857975056363e+01 1.041943843581034734e+01
1.112300850830510335e+01 1.250183068233060268e+01
7.967094620477803701e+00 1.228519585186515428e+01
1.254470372577314130e+01 1.250695415712415937e+01
8.516793784254566901e+00 5.996956206441474535e+00
8.852290938235221063e+00 2.965898564391278747e+00
