1.056718709576008663e+01 1.299836392879385549e+01
6.957515596521034240e+00 5.310582040932319003e+00
7.932748508425988554e+00 1.461776082335869020e+01
8.209790561628555139e+00 8.532931877380287133e+00
6.650385643307998862e+00 4.359078237462897576e+00
6.975122778648708000e+00 7.988614249457486771e+00
8.727127205478563354e+00 1.362216093514701498e+01
7.162063457234998154e+00 4.875987959339216360e+00
6.238040369711653987e+00 4.495858353960132447e+00
8.831769192794853396e+00 8.453790003765641714e+00
7.330017151268568121e+00 7.410607719678674599e+00
7.459445848539091983e+00 7.585728537634798485e+00
8.081388411297057317e+00 1.121343667911599695e+01
7.360432909811310154e+00 9.715109067355010453e+00
6.704044092305773361e+00 5.490936041158441583e+00
8.884616862837797058e+00 8.697218047749618819e+00
9.102965290190645931e+00 1.391944456323835411e+01
7.272800872073135636e+00 6.252944237327118238e+00
8.378058561751053901e+00 9.721216227713977531e+00
6.944055176715771438e+00 6.858298944741688885e+00
8.682926585033426292e+00 1.319612465131078061e+01
8.481756777302926764e+00 8.962937184254831990e+00
7.733206980192034230e+00 4.971674133915824356e+00
7.603534871331060430e+00 6.569516303748988761e+00
7.096144868954223028e+00 7.824737839193693034e+00
7.919569647586075511e+00 1.160190401367391644e+01
7.459315889386521903e+00 6.124627804701452405e+00
6.555819457811354667e+00 5.681610525132792411e+00
9.000241689026484693e+00 1.468918073883720865e+01
8.437541567652200314e+00 1.068430135268891412e+01
5.841778436063854052e+00 2.444431571933130876e+00
7.026619285086947997e+00 4.342392375550875983e+00
1.984635340583553642e+01 1.499999932281271242e+01
7.815014873532539319e+00 9.073374213549538325e+00
8.244560431794910826e+00 1.203560522201692251e+01
6.926913668379981459e+00 6.676150000046870758e+00
6.332217890672710681e+00 5.188314046991315820e+00
8.704629414951343236e+00 7.474036576654153663e+00
8.273612912429108235e+00 8.981396053005143543e+00
7.332303313296383074e+00 8.042699696639116880e+00
7.739201776672191002e+00 8.784189076736183210e+00
8.333956014070601270e+00 1.140195067168944298e+01
7.362939893804423264e+00 8.390359821846395505e+00
9.757740346859989700e+00 1.365413161385960983e+01
5.865147208928331857e+00 4.261251686202734312e+00
6.272268580817580208e+00 1.502889308332362006e+00
8.326738139487485313e+00 1.128449337872410396e+01
9.023771636988412226e+00 5.854099363100749187e+00
5.534444309240028836e+00 1.093987413247433871e+00
6.684745603838917916e+00 4.179006411376182228e+00
6.425468658148235868e+00 3.145441387344172668e+00
7.375296754837855850e+00 7.356803591325490110e+00
8.979877645328372182e+00 1.462237989420538753e+01
9.241470314257002272e+00 1.010586183523245651e+01
8.312852914304825092e+00 8.359539691575472276e+00
6.773948414558278230e+00 8.099388371985140722e+00
6.841287073085204895e+00 7.095333365458603936e+00
7.558611667451392790e+00 1.282303261917511250e+01
5.735599926376663049e+00 1.209264626331090220e+00
8.382935788040501990e+00 1.185000248428214853e+01
4.388045928026631515e+00 3.864843775286149530e+00
9.302353310852701895e+00 9.696278311063547761e+00
7.960686873831059884e+00 8.067275145039458195e+00
8.374683894686391739e+00 7.501838384215234079e+00
6.984020689371318369e+00 4.283361192845426935e+00
9.018229099743500399e+00 1.330509037372062409e+01
8.554767147908769687e+00 1.124930173015909318e+01
7.394192300934284034e+00 8.542202005783153140e+00
1.893508584231707914e+01 1.500000000000000000e+01
8.800511645390940885e+00 9.834919356135893409e+00
7.228465807427689072e+00 1.124989733379359969e+01
7.510452945407195990e+00 1.281241820616827098e+01
7.503334549660736208e+00 9.898565811599597808e+00
7.979359478169808284e+00 5.993659880363502168e+00
6.656189055646732911e+00 9.666461607233198805e+00
6.671309699800911375e+00 4.995581702885335318e+00
7.437157959071608815e+00 7.696294361217526081e+00
8.335206171176054113e+00 8.213210490720335599e+00
7.617292916409715176e+00 6.127257065902853128e+00
9.088555523496612665e+00 8.328947075423112523e+00
7.318284456757230494e+00 1.091952899255334941e+01
6.100543866781686475e+00 1.000000000000000000e+00
7.234731527244171900e+00 8.322642640996958718e+00
6.678052574430117794e+00 8.166352935098855070e+00
1.048988481142718676e+01 1.500000000000000000e+01
6.378665233899178943e+00 5.575916909216122264e+00
6.720917203110739813e+00 5.453347530239776475e+00
7.386793580592771136e+00 8.472481942308551339e+00
6.665755832177193696e+00 7.501306383191376881e+00
8.314587350377722785e+00 8.238890864522051771e+00
7.349227264201416254e+00 5.487913873813816679e+00
5.015915281967854966e+00 3.524064323436791213e+00
6.387354772579152851e+00 3.369539584582613934e+00
9.234627608714077951e+00 1.068899719437633777e+01
7.118051017552755155e+00 2.647448355176330814e+00
5.316503297582559462e+00 1.000000000000000000e+00
8.651718720247751904e+00 1.193972224278068239e+01
7.135611581472712572e+00 7.228273859281613589e+00
7.587253412324947988e+00 5.452755635037467741e+00
7.448176711063951849e+00 8.239535815573470146e+00
9.257834801918683354e+00 1.046373678878845404e+01
6.940061303394868375e+00 9.309575909936228300e+00
6.515175159103835156e+00 1.984077823715852062e+00
7.516910485142810572e+00 7.464343295377307008e+00
6.937781121599531531e+00 8.100698189621134304e+00
7.462286812166311734e+00 1.075237374566484760e+01
8.234861899001511887e+00 1.020370554054185419e+01
8.131623714283806592e+00 7.340303369328396776e+00
7.604869044598729033e+00 5.479996758247432709e+00
9.025537320482087011e+00 1.286016459762950959e+01
6.220505051383615758e+00 6.875879181866733525e+00
5.397948693726551284e+00 1.000000000000000000e+00
6.693727103464455652e+00 2.687261555436953664e+00
5.239243789741328428e+00 8.091797390083762309e+00
7.842290025711298185e+00 7.648732163425057351e+00
6.889410432508928039e+00 7.206201541080655915e+00
6.661335551121289278e+00 4.395020920793667685e+00
5.862923534507509693e+00 2.879204552637547820e+00
6.539857292538332700e+00 2.455666202868318493e+00
9.662191548084864579e+00 1.154358896139773449e+01
8.235128914473651918e+00 8.085182269115415821e+00
8.961090294580223770e+00 1.196722596637200198e+01
6.547213606018189580e+00 7.507842443664325849e+00
8.241607638846154771e+00 7.949156171017347283e+00
7.202226077801321402e+00 5.668792812448616658e+00
8.146232294358854986e+00 1.288485342705455317e+01
8.920472341609432476e+00 7.561852827134080357e+00
6.424762237304517676e+00 3.064696970879353444e+00
6.350372486887487788e+00 7.232195723819430100e+00
7.353826516965919602e+00 4.399181644958193083e+00
7.854667879726385138e+00 4.823070191856769107e+00
7.227019252120786774e+00 1.047130495890459834e+01
7.673689749743864752e+00 9.811927539792758779e+00
7.531029241882501779e+00 7.803532991018229836e+00
8.139686006449387889e+00 7.329913246714767183e+00
6.443568126022390707e+00 3.039757977081764651e+00
8.831869557938572868e+00 8.499799110102456368e+00
1.919388872038526372e+01 1.500000000000000000e+01
1.054999040435597202e+01 1.093270999309099523e+01
8.004175363431857093e+00 6.048575005464099874e+00
6.455688236077145703e+00 3.582472847877006039e+00
7.943129414192083182e+00 1.076345410006459247e+01
7.200862566272551391e+00 5.964185275398438790e+00
8.160468622255468318e+00 1.059025566174782540e+01
1.052525268497574906e+01 1.337528770594512295e+01
7.921772743755049362e+00 9.319523561752344420e+00
5.269229838151488821e+00 1.460358911754513045e+00
7.797002421321247212e+00 1.344571290239408157e+01
6.653001949872729526e+00 3.941838068569444076e+00
8.025344328921372394e+00 1.033956183942216001e+01
8.605776245061850460e+00 1.017863814127307442e+01
7.080047156596985580e+00 7.213697085636662898e+00
8.987697256685425629e+00 1.310696616102774215e+01
8.659444871532347321e+00 1.057637107026333645e+01
8.823193110620128010e+00 7.120227756279328801e+00
6.412379596566744944e+00 1.040253423150534573e+01
8.318654654667223980e+00 1.157819364324657130e+01
1.942760927359239176e+01 1.500000000000000000e+01
6.326808109621548049e+00 4.706648003364618305e+00
6.012770525593058579e+00 2.503833639221789475e+00
8.379416541128668072e+00 7.490801650201693640e+00
7.014243396584737056e+00 3.121270046933394937e+00
6.148084418365223236e+00 1.430708568156465077e+00
9.932735238685504342e+00 1.436556837485749760e+01
6.448612149729132881e+00 3.076234753449448966e+00
8.059403503646745293e+00 1.271333872626675010e+01
6.607522264294622971e+00 3.707972239696220917e+00
8.058398696984706788e+00 1.073247558798545853e+01
9.940157560728266617e+00 1.282005688998511594e+01
7.772513598613276287e+00 1.167593591156904509e+01
9.754562052613710676e+00 1.420417641214354276e+01
6.574881489799792256e+00 2.218147437937370015e+00
7.233262241924199643e+00 9.509100100579519932e+00
7.254363270670583397e+00 8.768827476632100826e+00
7.424529403190446963e+00 7.048440277857567438e+00
8.441651404744657583e+00 1.095530302777511800e+01
7.587310571928338909e+00 4.084848249362005745e+00
8.526439287987596316e+00 1.300852577059731097e+01
6.552010807761861955e+00 7.233523820995936049e+00
6.496388151359759888e+00 3.177700638410251521e+00
8.713683977554023130e+00 1.063758402133271019e+01
9.302710368389687901e+00 1.225305965390043461e+01
7.615883853055256836e+00 6.257062306446239397e+00
8.688051840527377223e+00 1.352546356927269144e+01
6.619484346355139159e+00 4.990925177617961950e+00
8.239796726319259079e+00 9.798596897424646457e+00
6.543628793876136385e+00 8.383147231834346513e+00
8.500687501200561158e+00 1.191096408885963953e+01
6.952105995686959972e+00 8.698045414173387613e+00
6.927580611344309247e+00 4.299402253972758103e+00
9.381972755862298285e+00 9.806843944933268276e+00
6.150398824454063273e+00 6.487277877487350963e+00
5.929531213484095176e+00 1.000000000000000000e+00
7.805956451895753823e+00 1.037277086589268116e+01
6.797801747072924172e+00 7.292414878623080021e+00
8.493213698063787120e+00 1.033605016005150290e+01
6.089455217005052212e+00 3.935223746369929110e+00
6.158712362942397434e+00 5.129711979712331171e+00
8.108715232045636156e+00 9.513362991316361317e+00
8.809271771664956674e+00 8.235416064283635151e+00
7.877754150765119867e+00 8.312982425426865163e+00
8.147101942120158924e+00 5.097667736530891780e+00
7.974947357591577912e+00 1.143094372352819299e+01
6.158566933441631974e+00 2.389223192186613609e+00
9.049996978878303011e+00 1.278765535299355349e+01
7.840351327421663186e+00 1.232763476268618419e+01
6.414246818736891953e+00 2.237559174499390124e+00
7.757577028871220470e+00 1.009662726412148537e+01
8.921530825024351685e+00 1.034802059280814390e+01
8.348394003942262387e+00 9.110094001167265532e+00
8.917519609226813415e+00 1.125910653811566853e+01
8.466954306242055139e+00 1.212921970215085921e+01
7.938928331981284003e+00 5.766411341680178992e+00
7.735065624992191857e+00 6.719513626740950762e+00
8.898081316167111510e+00 1.144939741271217137e+01
1.056608391383877965e+01 1.318268432653932720e+01
7.560520490184384101e+00 7.515311758626845418e+00
7.222843074319186485e+00 4.166962962404842763e+00
5.745921738258179090e+00 2.383106526248832679e+00
9.840238583510789283e+00 1.439198611752982515e+01
8.033987708632853497e+00 1.121793758700611576e+01
8.744177578292095632e+00 8.590225929414865291e+00
6.805350957411558710e+00 3.018092497059844170e+00
9.498841293478823999e+00 1.129343979028148759e+01
1.011506946582629318e+01 1.498710105404912163e+01
1.884592667534503363e+01 1.500000000000000000e+01
7.896310546704461863e+00 7.648505193156754700e+00
6.543496529174785969e+00 2.353902196119120660e+00
8.609677816356974489e+00 8.640224160096583006e+00
6.680588377635305442e+00 7.274779524678807618e+00
5.092893688925473228e+00 1.000000000000000000e+00
7.044912720259450367e+00 7.445260983743373195e+00
6.049870657109163830e+00 2.460497730982451614e+00
8.124795587137176867e+00 1.224423650115660678e+01
8.945670520228462763e+00 1.064438826366155055e+01
6.984383827813054779e+00 3.277249952414440948e+00
7.990497359671547173e+00 1.203225655044160192e+01
6.808725711934894953e+00 9.532045958998466517e+00
8.146298462575822796e+00 1.163574016603225836e+01
8.075661172414331901e+00 9.404749825111595740e+00
8.223652523130862591e+00 1.085635391021007123e+01
6.869954661732760037e+00 9.504941892402829495e+00
7.678232584816612416e+00 1.499986052765131284e+01
8.080056001902404361e+00 1.194588314574874133e+01
8.749576411619925054e+00 1.044437704399403799e+01
8.918485523933727066e+00 9.445130416521200445e+00
6.469365887723003361e+00 1.016657535556443115e+01
6.536093139866943957e+00 3.145217349747424507e+00
7.257543021658998228e+00 4.990835301337683383e+00
9.056967970785651190e+00 1.366158383599301906e+01
7.515807602301254775e+00 1.116370224541990908e+01
8.391823488224245509e+00 7.074625003237034804e+00
7.505936437823008234e+00 1.038229716209534459e+01
7.740743766505010726e+00 7.342632067556808195e+00
9.697771771650268491e+00 1.078243799902232247e+01
7.564094271247970624e+00 3.863255075521212056e+00
8.074447346460214447e+00 8.545607028062336852e+00
9.013208739624467114e+00 9.203317277930908702e+00
8.936068802034988323e+00 8.970525630658812588e+00
7.522411179667628289e+00 7.257610297653802611e+00
9.461886596329961208e+00 1.190142748805226702e+01
8.065497591582770909e+00 1.220785379160430573e+01
8.065361527107739903e+00 5.619746422325649249e+00
7.559001130823777004e+00 8.994389064664062516e+00
7.646470371811782130e+00 6.723319966154768679e+00
7.881577026057978941e+00 6.461042597018563427e+00
5.584776563469202593e+00 1.176856432764216365e+00
7.685285857941348553e+00 1.068608459342066652e+01
7.524441904923051538e+00 4.163461369205181839e+00
8.054208235235483571e+00 1.200647410150624950e+01
8.912129111033298301e+00 1.035635580231187980e+01
8.371995890721153799e+00 1.048566360963814859e+01
7.768131870232322100e+00 1.201091378784212438e+01
7.012541766568725521e+00 1.020112857395132444e+01
7.543588142230882809e+00 3.766923845833121121e+00
7.311054660808261829e+00 5.772122848622256441e+00
6.218528491468096497e+00 3.549864900242115873e+00
7.976126073810918982e+00 4.073740714341966829e+00
7.427351708876032355e+00 1.438534213752975432e+01
6.594762546824510352e+00 1.559161867882037811e+00
7.494158633495622723e+00 3.275894217430098010e+00
7.353455925766398948e+00 7.543858317973700878e+00
6.813682809251409900e+00 4.097601458827448084e+00
8.364248665350462630e+00 9.846331789484734642e+00
5.561040482761248072e+00 2.347102421336932920e+00
8.030238739450290097e+00 7.897483167911318880e+00
1.875310636413492205e+01 1.499990771963779324e+01
7.853658677651722542e+00 6.176584799744361476e+00
7.502403153812613468e+00 9.019889035138266564e+00
8.398723758755309632e+00 1.179129288920993446e+01
8.375430925777841651e+00 1.271041284150973105e+01
8.340786530665189602e+00 1.353255335587189556e+01
7.624771165631218039e+00 6.778965894927270419e+00
5.080667995001641124e+00 5.447208676156670926e+00
5.058292990449394289e+00 1.289590637926607997e+00
7.444977090012041998e+00 9.174897507042679479e+00
6.769107166383517615e+00 7.010967371508550983e+00
7.968644547260963051e+00 8.948928552243536672e+00
5.516000959307677753e+00 1.000000000000000000e+00
7.364101854776293976e+00 5.219533612242770459e+00
7.319021619749666030e+00 5.254222269837919512e+00
8.073138408519103137e+00 9.859217375321176036e+00
8.048877029874130784e+00 8.330608593195846012e+00
7.319570577622384278e+00 9.202288839753707705e+00
8.551215039318847744e+00 8.349026533418753004e+00
6.044502294294582079e+00 1.000000000000000000e+00
9.689965718180221899e+00 1.067791063675107210e+01
8.299044759368367608e+00 9.781873846901698144e+00
7.593339560575540048e+00 9.924927044287798594e+00
7.349295529794939164e+00 7.680304484680905652e+00
6.765843482598169700e+00 4.106737622571698054e+00
5.349470793443075856e+00 6.543908109362842396e+00
8.053922456216163539e+00 1.162162591837713244e+01
8.233524434070448095e+00 5.154667924977940352e+00
9.668096506683639291e+00 1.302166960749567082e+01
8.486932911605181928e+00 6.157678706054779738e+00
8.464310019561169796e+00 9.489954673381282291e+00
8.329547199701911708e+00 1.395704242095483494e+01
7.632809203789674868e+00 6.824540967857972262e+00
7.584338635637993598e+00 8.948505387893835206e+00
8.292235850707802669e+00 8.343744636223259903e+00
5.532763725258810439e+00 1.028780233962052648e+00
7.631928703123861624e+00 6.028168607481275032e+00
7.766421664172753481e+00 9.646771324160310357e+00
8.768029882279400056e+00 1.356019599565249933e+01
7.248481865720601824e+00 8.099964654216226023e+00
6.532257648613407852e+00 1.532834221334629987e+00
8.426910620632726889e+00 8.119143486551548605e+00
6.429437035978406101e+00 5.166698123246912466e+00
7.679026684285439330e+00 9.045821529203314171e+00
8.434899313852449509e+00 1.387903606477451035e+01
7.056428288906903212e+00 3.054952296059142647e+00
8.678221070079844779e+00 7.968539368961213398e+00
8.639481270447010530e+00 1.166130280221270432e+01
8.797841590017847935e+00 1.075383463715085597e+01
7.343519428025500062e+00 1.160059275783880395e+01
8.237636864119837199e+00 1.317505056963324250e+01
7.862624733310236813e+00 1.152866007304996288e+01
9.569993774587393531e+00 1.383687407433523120e+01
8.599739283781513421e+00 1.241755774951381142e+01
7.415210638038560731e+00 1.097749368889800259e+01
7.018932743885578418e+00 5.390643699478195217e+00
8.120892559106712483e+00 9.085328504452570897e+00
6.779215351586236338e+00 2.187987746702244607e+00
7.311174978418913284e+00 1.023823181320906528e+01
8.200632167522341476e+00 5.450407265759007913e+00
7.348716958898048546e+00 5.145277856333800415e+00
9.060904789238403367e+00 1.404298602155852471e+01
6.273734797974340083e+00 2.729626375487093526e+00
9.758451055293532406e+00 1.442854845794098217e+01
6.050778368034181121e+00 2.172278329361903459e+00
7.746337069878569181e+00 8.666658191864573979e+00
8.932344712242548113e+00 7.811647770795781653e+00
7.258839633976454486e+00 5.932644679952442601e+00
8.755626938723070296e+00 1.375512707414543812e+01
6.667445615904980194e+00 8.642984013791853215e+00
6.541213194640889128e+00 7.545689145633637906e+00
8.869905089162315903e+00 1.106468835488725766e+01
6.998070332430669893e+00 4.664707590262058723e+00
5.912345663934271300e+00 3.412993366001766837e+00
7.845706537907039646e+00 1.306676559997193721e+01
7.131801990611294606e+00 3.726776318225080153e+00
6.944984590791004386e+00 5.669009640079783807e+00
8.547824390954721352e+00 1.270959008728326367e+01
9.559583357741470167e+00 1.451605152024539258e+01
6.068423111104941370e+00 4.112212801498777104e+00
5.823874623697740560e+00 3.584863497944493993e+00
8.006365634975427525e+00 1.159264524646121686e+01
6.465419445075034410e+00 3.709727579480163406e+00
7.532049047266454522e+00 8.401615649185149692e+00
7.931700506841179887e+00 5.500477335900630926e+00
7.325371702217435832e+00 8.330311844754104911e+00
6.086439056024794070e+00 4.878061057714688786e+00
7.484732510520304416e+00 8.649445856133553434e+00
8.322356128395673736e+00 1.113781068423491938e+01
6.544713357904734963e+00 5.848923340234508217e+00
8.260901527547730439e+00 8.889021349100948655e+00
1.052726680412780169e+01 9.768455637363882005e+00
9.561660208981114906e+00 1.189026304400172940e+01
5.959967150781426248e+00 1.956647707299495664e+00
8.209792842164667093e+00 1.044853747180889769e+01
6.344403949265031706e+00 1.343295270417050880e+00
6.390236498732124737e+00 4.209607110616630621e+00
7.777374142653826539e+00 9.524907001851843802e+00
7.203905594904473908e+00 5.980366281418532992e+00
6.736184381927394327e+00 3.661967594353238376e+00
7.130254842020455897e+00 1.180207248707966272e+01
7.811279223582667797e+00 9.428123112997353061e+00
8.674021003574932109e+00 1.140886269690535926e+01
7.846517647827795372e+00 6.944197999604272198e+00
7.543139831447214227e+00 8.506481804316331718e+00
6.686924614859874438e+00 7.555500615356105065e+00
5.670190447266464595e+00 4.407494562593990750e+00
9.512704181039364215e+00 1.048706295636997865e+01
7.896004033933125221e+00 1.309280797900686721e+01
5.832899788907917049e+00 2.004442700513623166e+00
7.509893486160631682e+00 6.735824238614609882e+00
7.783407160090724197e+00 8.657102176693017626e+00
1.014534110245383403e+01 1.190568946230209590e+01
7.289021189613755780e+00 8.396909036185967068e+00
7.248444057242785732e+00 9.109377293346804905e+00
5.837456945878159331e+00 2.127983506184297546e+00
6.572164495495862013e+00 8.547844122998233374e+00
7.763079858415439460e+00 9.260984410524674360e+00
8.603465322887283051e+00 1.028994091885875761e+01
7.663282287857454911e+00 5.791022308464098600e+00
7.292483450816757085e+00 1.020292719771180856e+01
7.236670278481366125e+00 1.028945225941646946e+01
7.270727083740183616e+00 1.108086284889415296e+01
6.602865308497182006e+00 1.694182265111887631e+00
6.129440758989978200e+00 1.000000000000000000e+00
5.791392759355986186e+00 1.740047179854910198e+00
7.460265536493733585e+00 8.917974002377317078e+00
8.629003456948407091e+00 8.979718822761681096e+00
7.487776513863044769e+00 9.676521221575958620e+00
7.571140478547301100e+00 9.400862876979338978e+00
7.228529625095230671e+00 8.303880579462605382e+00
5.866894847309467309e+00 5.021148821409225249e+00
7.409278148060956859e+00 5.436583470126550743e+00
6.549975380319060569e+00 3.251563196337635020e+00
9.107976145024281323e+00 1.035558588855223405e+01
8.197948774627064950e+00 1.333010459864057040e+01
7.109921533571027297e+00 5.701806364162981922e+00
6.744803797172342463e+00 5.442744606897077730e+00
6.243259794930560602e+00 2.225186235410344437e+00
8.816579770153628814e+00 1.015982785301324576e+01
1.933341616010562802e+01 1.500000000000000000e+01
1.903908062281456637e+01 1.500000000000000000e+01
6.677328169914052758e+00 5.296652153392122919e+00
8.413573233405436724e+00 8.354359027311808461e+00
7.185691933060297742e+00 5.274644416743296205e+00
9.768642095126457647e+00 9.240639321464158229e+00
7.465483232403596681e+00 8.225120365906194664e+00
7.833101793514385847e+00 1.031950942184624509e+01
4.897113614115248481e+00 1.542840940371892344e+00
5.996496989476691297e+00 4.128070318079617884e+00
8.605509348712317319e+00 1.077120506713620429e+01
6.507601554432218549e+00 7.696913516473268047e+00
6.150347754667319755e+00 2.555432865514895902e+00
5.382098265028444573e+00 4.955475122654066311e+00
7.650287958951922818e+00 7.456037119948495828e+00
8.536983619809751289e+00 8.979383310349620118e+00
6.132896219599384580e+00 5.161020996737311073e+00
7.346476976476287390e+00 5.689917100435234687e+00
6.458439255069026608e+00 6.416950061508718939e+00
7.269762644547888897e+00 5.910230453118577643e+00
1.947910935681639444e+01 1.500000000000000000e+01
6.886265901638628506e+00 6.686789450400124402e+00
8.086122362024639187e+00 5.672045811933309700e+00
7.298933499013647186e+00 7.260793214878617619e+00
6.328412618942221179e+00 3.945421565661559882e+00
5.086608941738537837e+00 2.665898176110188977e+00
6.961802200049060474e+00 7.989087329252355651e+00
9.117358782809827034e+00 1.181515743436172450e+01
5.994727521454807473e+00 6.419019877736397817e+00
6.718662089126684833e+00 1.677200835445054494e+00
6.567062695072975131e+00 8.180258970785564188e+00
8.222281891562541745e+00 9.231416532347115123e+00
8.184851127993454156e+00 1.058735697100621032e+01
7.328389959298832856e+00 6.261412360100151453e+00
9.483538231620395109e+00 1.500000000000000000e+01
6.274718454087320652e+00 4.931706907903425474e+00
8.315274130644887407e+00 7.718978476428083546e+00
6.839547841551315344e+00 1.086837269772058256e+01
8.609155891780492453e+00 1.125175516103755768e+01
8.080071929804756081e+00 8.489944906058685348e+00
7.400893800596788807e+00 9.118645392281539586e+00
6.996002784129090379e+00 9.885253869950297201e+00
7.613228585114710789e+00 1.095091933289754493e+01
7.135324210039982518e+00 3.937783002081293837e+00
6.527345834632702015e+00 8.413086633375529644e+00
8.033188900753220452e+00 1.018121713896122671e+01
7.478441504135325602e+00 9.553367125645863212e+00
8.492651181163392238e+00 1.250397206499140701e+01
9.046707466524136265e+00 1.020682549182885523e+01
1.008392592879899929e+01 1.300247012882483233e+01
8.804507583527131587e+00 1.077031525449266347e+01
5.946010561701553065e+00 6.223490898671046878e+00
9.527175200117854459e+00 1.499995388041767974e+01
7.087488447816921777e+00 3.046626037575181023e+00
8.120515375356891496e+00 1.377426686290597857e+01
9.280521959332862281e+00 9.424105444821961441e+00
6.127213435655964879e+00 1.556435122986744801e+00
5.411723521488923438e+00 1.000000000000000000e+00
7.836115602852532724e+00 4.343324195050840331e+00
6.563957086999947066e+00 4.127440340485788894e+00
6.649853027943642303e+00 3.151832074173518627e+00
7.519009354801772460e+00 6.620085770061746366e+00
7.204008884561854842e+00 7.881736993820574355e+00
9.561317781519028003e+00 1.088701995047700066e+01
7.307632475947714923e+00 6.956917275146852653e+00
6.492265180590194973e+00 9.200282787689616271e+00
8.171457602504919038e+00 1.073456251541362505e+01
9.321175671963070286e+00 1.497808651533478042e+01
7.884396127130807841e+00 1.063786639557404001e+01
8.984270482008087200e+00 1.499964212101019356e+01
9.697597875409799784e+00 1.443628816441256291e+01
8.704190888357100420e+00 1.331017978754255182e+01
7.323409549941877650e+00 6.455502164479266725e+00
6.021620614332265475e+00 3.998904796979956267e+00
8.100633239549312137e+00 1.175796700431312303e+01
7.384743456531557726e+00 1.123015372530004008e+01
9.938804429697682963e+00 1.081294387183720751e+01
9.107655842539221780e+00 1.280575180609377739e+01
7.330727172077856402e+00 4.714821103282874404e+00
7.728165003521379361e+00 5.547394856315511547e+00
7.161476350679398806e+00 7.314753702136430391e+00
8.101897976484975672e+00 1.004252877887449813e+01
8.630491450138384479e+00 1.279984090088495918e+01
6.248067803392299169e+00 1.000000000000000000e+00
8.026336148462529962e+00 1.318181873216973088e+01
8.699560556926112298e+00 1.210953647844167591e+01
7.875410013160797362e+00 5.470826734328724683e+00
5.209864687746462941e+00 5.227816751968884290e+00
7.561340338298387920e+00 1.187401911878255234e+01
8.280620724621533313e+00 1.417507256002017968e+01
9.768425955347424861e+00 1.126917612078174358e+01
6.779502650611890502e+00 8.082323011680315972e+00
7.210647020460998036e+00 5.701209849144238007e+00
8.165964895263355672e+00 9.627184492441204000e+00
7.789881838821584026e+00 9.081665183892438264e+00
7.489437125902227876e+00 8.094356108501079561e+00
6.764312865455514689e+00 7.788311186300876265e+00
6.966056850412813084e+00 9.208292442616324180e+00
8.778311838535261202e+00 1.094196791936410307e+01
9.040840193603539632e+00 8.869862664567300214e+00
7.578504154379862356e+00 9.935694245415930936e+00
8.245381351736689624e+00 1.126774736335000782e+01
6.460577923575870685e+00 5.156503180797768593e+00
7.384450875404835912e+00 6.418035131225515499e+00
7.080700456983722191e+00 5.800050113972265109e+00
7.250561114987010392e+00 5.764431296488679912e+00
5.807779251269114873e+00 2.143048840301575275e+00
1.029451712749156478e+01 1.444951513041906743e+01
6.861675690000407890e+00 7.727371316337903195e+00
8.605028216067060143e+00 1.215225898460592546e+01
7.426172762392742932e+00 2.853723435897355110e+00
1.014664800442411874e+01 7.467646028477371800e+00
1.844910961790169068e+01 1.500000000000000000e+01
6.713704008748930363e+00 2.990976387182146645e+00
8.583094048423758338e+00 1.451602689509122435e+01
8.318298918949885490e+00 8.856586193858838385e+00
9.589553078080410131e+00 1.162041932562292601e+01
9.017480039097646838e+00 8.269398854168688473e+00
7.609755708338969526e+00 7.104628055799127040e+00
7.939497717303201973e+00 1.096236642350934964e+01
6.459621921709496561e+00 7.790463365413950569e+00
8.075300239521432388e+00 6.227552588622167207e+00
8.191325714120459622e+00 1.322082453372618893e+01
7.242346146840739074e+00 5.363819052982163882e+00
6.105923058955950111e+00 1.756433837933704112e+00
7.286984982170931602e+00 5.455757940095996794e+00
7.231767064536341216e+00 5.281771904212147817e+00
7.845601368945414933e+00 1.342631625163321729e+01
7.526969442242446462e+00 1.252850331681192841e+01
6.796760566052376440e+00 6.466274963280206123e+00
5.819554864096251556e+00 1.093436804697969222e+00
6.532412682788926617e+00 6.274659217792580179e+00
8.086595174627627003e+00 1.111764300322497334e+01
6.681209537803304954e+00 6.388069346687947458e+00
7.893927919386609204e+00 1.153314455675807793e+01
8.857537853023814023e+00 1.046491281288821895e+01
5.612649186808472024e+00 5.055781690778243131e+00
6.205831668113452437e+00 7.617648069646787867e+00
7.689004546629193193e+00 6.384130004886480414e+00
8.279628300570884392e+00 9.046709379603568024e+00
7.207612342412744511e+00 3.980172240158733388e+00
9.561877501193148277e+00 1.395589348001827901e+01
8.497817106428565026e+00 9.008252070672815748e+00
7.335156679008576930e+00 8.790496721437731864e+00
8.188352925146432426e+00 1.038421090490239607e+01
7.850016211632516949e+00 9.054310669974428905e+00
6.210429980547710116e+00 4.847832115313726931e+00
7.366392667367023250e+00 7.820349766611541575e+00
6.462533734436724409e+00 5.010163346179544064e+00
7.726874180543829240e+00 8.287421254769233414e+00
5.942731070709708519e+00 2.093142521124511823e+00
9.750759075852478475e+00 1.068647838099176184e+01
6.938546867911289162e+00 2.343744070791054845e+00
5.954543511574836856e+00 4.452948780599661482e+00
7.628074628922982825e+00 1.030846313624543420e+01
7.537335021692593173e+00 1.011396654426361508e+01
9.385397235007884476e+00 8.639497023467917813e+00
6.938062825654341736e+00 6.059903215297872237e+00
1.019228599812334402e+01 1.093685252538804242e+01
6.275504446228026723e+00 1.000000000000000000e+00
9.234011478989483379e+00 1.211627015873284208e+01
7.822280112831780485e+00 4.461494600396379795e+00
6.946933335773390006e+00 3.891825053646523536e+00
7.695259340445504748e+00 8.668105221344811540e+00
7.933612860751395601e+00 1.134571899009546847e+01
8.700988351052643566e+00 1.103546179653954518e+01
6.666151402112816093e+00 1.024890509032384145e+01
8.341559171698369468e+00 7.537952037873965061e+00
9.478466620872827875e+00 1.004678315563895907e+01
6.792219691147304950e+00 6.704814205550500894e+00
7.218562926963466353e+00 6.394624766608203004e+00
8.567618354576012507e+00 9.821501267719400019e+00
8.822304600207722558e+00 9.060633892562371727e+00
6.538605981425312130e+00 7.662363771231842868e+00
6.752186399426179264e+00 1.037800928867878447e+00
7.831288957638575354e+00 8.695551177776437157e+00
6.614097477106826162e+00 2.369122885752898533e+00
6.712746278601629868e+00 2.345796072943821642e+00
6.950321984174026468e+00 6.403211805408009383e+00
9.226219250100482938e+00 1.101289225811253125e+01
8.446435909343016135e+00 1.294608019241598740e+01
5.898677793672653991e+00 4.751466130147432132e+00
6.365305388015251253e+00 5.367136781179138616e+00
6.960913351425471518e+00 4.585365760968500126e+00
8.341735409989208705e+00 1.172457794534272679e+01
7.029188957917289038e+00 4.440367072194595366e+00
6.243548216613127089e+00 4.474495162715971475e+00
9.327905044616091601e+00 1.111102002619911211e+01
7.618009807724924976e+00 8.612375467005374929e+00
8.801142121098100901e+00 1.110788171721609174e+01
7.441182289428532215e+00 9.155002228551632371e+00
7.527695274130110192e+00 9.067601102302781158e+00
7.267519351190773413e+00 8.180126665605332192e+00
8.911535881509619728e+00 1.037235177822768861e+01
7.130225382068410944e+00 3.565142036766774325e+00
7.478918725771377396e+00 1.326747113432210412e+01
1.898774862335378799e+01 1.500000000000000000e+01
6.452175842778009596e+00 2.164097836294147648e+00
7.228010478932034744e+00 4.356363173206522887e+00
8.208383196997402820e+00 1.070068364967633912e+01
8.441428897999752934e+00 1.018161805821519650e+01
7.608734388332554666e+00 7.652296297463299979e+00
8.119154278821934412e+00 7.087217966782562328e+00
8.418597362191619027e+00 9.963744035745861538e+00
8.444428064775955534e+00 9.043588206359384429e+00
8.455256005413806619e+00 1.139432320916900032e+01
7.139822993381688576e+00 4.584541350285585182e+00
7.289053003431630984e+00 5.478143006812670635e+00
7.180031215383957388e+00 5.317923805529529702e+00
8.971654585042935892e+00 1.236514931884007673e+01
7.663891350194534269e+00 7.275736535456440279e+00
6.582949933806954590e+00 6.407049945041503491e+00
7.315931647918938019e+00 4.402776817213727156e+00
8.844070854756317601e+00 9.549957404916838755e+00
7.508656213146327474e+00 7.427606372046270167e+00
9.304348082154350053e+00 1.272756824020342137e+01
5.080980507449987194e+00 1.000000000000000000e+00
8.645565614425340328e+00 8.866328877068850645e+00
8.900340213869368355e+00 1.278290115106600311e+01
7.716848559061546986e+00 6.393168696368397796e+00
8.521021825661680538e+00 9.461135345943343822e+00
8.270378773252113902e+00 6.022055027865466315e+00
8.844960534941890273e+00 1.257621520599888143e+01
7.132347996278530111e+00 1.077568364405619050e+01
5.952146099439411309e+00 2.425761477269172239e+00
8.770391268225820269e+00 1.032899542180244978e+01
6.662919600679597210e+00 2.501525023323856622e+00
7.420497257423788184e+00 5.381563570094415105e+00
8.199862141614183031e+00 1.234461333627060853e+01
6.470253174725267620e+00 3.216766180028579392e+00
6.325017295434811615e+00 7.772566233549683901e+00
6.379828156569088193e+00 5.331813419926927367e+00
9.017287231235115996e+00 7.896867232659146474e+00
7.538498736101031383e+00 8.750286962368953425e+00
7.419461643407091245e+00 7.709427881862153775e+00
7.854389684278348938e+00 8.815559982786190574e+00
8.527732839883631399e+00 1.195868298425759590e+01
9.129677088325021117e+00 7.283715856287854784e+00
8.435261341785308176e+00 1.316312000061111576e+01
8.622712791175441538e+00 9.312837130043760681e+00
7.320619513154012381e+00 9.197114168865340389e+00
7.195480350768516331e+00 6.860665471739278765e+00
5.977988373991126814e+00 1.000000000000000000e+00
8.806398300128655876e+00 9.676883835988311588e+00
8.758678948834756284e+00 9.765022092037661139e+00
7.956392498905325184e+00 5.081001709179670200e+00
9.644688620048354366e+00 7.849335959836762022e+00
6.399112907306492737e+00 3.342129461394592660e+00
9.783058164727739481e+00 1.105759237641594339e+01
5.470361882335721404e+00 1.212264305249783902e+00
8.705054616698664205e+00 9.567452290640442669e+00
7.918139009653974547e+00 7.651806742173837605e+00
1.000090420623000220e+01 1.470228367412026316e+01
6.983958079023572907e+00 6.056496310502875069e+00
6.950089652829483100e+00 5.758577432823884124e+00
5.515519866877580668e+00 1.750888796900445854e+00
7.115207865924606523e+00 4.417551349903998670e+00
6.924748571500399130e+00 8.143233658636304995e+00
7.102993639991849406e+00 2.500838577578550215e+00
7.674211660877857000e+00 3.784196254410467475e+00
6.471455225812540846e+00 2.689228788658172498e+00
8.966162656504739203e+00 1.022337722394165738e+01
7.033809113544139180e+00 7.485136067173344898e+00
7.126732179419697388e+00 3.826984181701631016e+00
7.639585044242018341e+00 1.499947335056586972e+01
6.697001698355377286e+00 7.116487529952038926e+00
7.492779509354917877e+00 1.079262712242029210e+01
6.504953065586249750e+00 5.318422350931908404e+00
7.425418052347252384e+00 1.169146531402755862e+01
7.475846457457522298e+00 7.727677629962269812e+00
7.966856010852145786e+00 1.206629578749464926e+01
6.692528869138263836e+00 5.381776326950831191e+00
8.298455951902301564e+00 1.332706311696914625e+01
7.696454629808328285e+00 3.306382883582164034e+00
9.083907045458055052e+00 1.246901983769313915e+01
8.868227602556522982e+00 1.103672092200498867e+01
6.335915203286065278e+00 5.692142053856202644e+00
6.353243166448709900e+00 4.817932204155734865e+00
1.828137858078866529e+01 1.500000000000000000e+01
8.366586693471431246e+00 1.013582876164659297e+01
8.203442564150638106e+00 1.409909950884812346e+01
7.380799130451167755e+00 6.863624244639978222e+00
8.701980155188287824e+00 1.056275036260479183e+01
7.683387492722438594e+00 9.416589980212524580e+00
6.681652712641399816e+00 3.457201764373741604e+00
7.991784873682624024e+00 1.052508929696338136e+01
1.039776743494058842e+01 1.298343639163952545e+01
7.344044754326471747e+00 8.416759981349851927e+00
7.008644489371143038e+00 8.498670701114471981e+00
7.949683497014756739e+00 5.658118195976507891e+00
9.158479158655422836e+00 9.079232690631103608e+00
7.465959932813034605e+00 1.040482880927977050e+01
9.254601577755359187e+00 1.359607425933875113e+01
8.136613324631355226e+00 1.048298670305149827e+01
6.077778386110362696e+00 2.168399215016068027e+00
7.421544330892752228e+00 7.421279072991214143e+00
5.795099255166410224e+00 1.000000000000000000e+00
7.768568349509317628e+00 8.785748976695682444e+00
8.337145945692823190e+00 7.939061748313812394e+00
8.960469392100559816e+00 1.301849966660678071e+01
6.262414740532702417e+00 4.188366142776700052e+00
7.289983316483185760e+00 4.637859026746675717e+00
6.596439420493402928e+00 1.000000000000000000e+00
6.721761770301680095e+00 6.951504121538802927e+00
7.553537531775747382e+00 8.223409936523298214e+00
5.830801789078776665e+00 1.500049675161883478e+00
6.845191456585198786e+00 8.379947327017756464e+00
6.153739384562669557e+00 1.396551088438631183e+00
8.337518537934011320e+00 1.119499048955969300e+01
7.380658316923333295e+00 8.534883687663281648e+00
7.379648890146457418e+00 1.001895242589567836e+01
6.844631834355603850e+00 7.701466727878012009e+00
7.468708941326431372e+00 5.114009977116799277e+00
7.416161924534977246e+00 1.053621007311007673e+01
9.474789736301303833e+00 8.281648365888576890e+00
6.864810975743727006e+00 9.869674148028229510e+00
9.146894857372915411e+00 9.135920725457246760e+00
7.520070082970007341e+00 1.186791683997800817e+01
6.086084660999874885e+00 3.527170715933532819e+00
7.438510673980754717e+00 5.495899434142931028e+00
7.591972595822104708e+00 1.088841664383609853e+01
7.427889953883342500e+00 6.712151193534693583e+00
8.838726553296760713e+00 9.462606338408122042e+00
5.764656550906035903e+00 3.668918329093850517e+00
7.293266098561290711e+00 5.539752060905827946e+00
8.967908484942432423e+00 8.933541320174095191e+00
8.231121780197424798e+00 9.934435657959383548e+00
6.793345537135911272e+00 6.569895568864446922e+00
6.945026311814880948e+00 8.048530884854264045e+00
8.885291789407272489e+00 1.136590037455405700e+01
6.044521740487312833e+00 4.650584803512980869e+00
6.341881716846677008e+00 3.525181949510974633e+00
8.335613298208702560e+00 1.152346754383910543e+01
6.931685756824657041e+00 4.533516484415133441e+00
8.900169385544518974e+00 1.196004492541696429e+01
6.625281498424305582e+00 3.490317217206889033e+00
8.359292326472822054e+00 1.141759582635977566e+01
7.816343283718800272e+00 8.640008098213730392e+00
7.313456068098322049e+00 6.627542750155161144e+00
5.380143902887104979e+00 4.263380953383560268e+00
7.044951003743152640e+00 8.509346934318671174e+00
7.962914759306636725e+00 6.479734209186585936e+00
7.529515110476961759e+00 7.403803346223280180e+00
7.480742583236818177e+00 1.045561324044129670e+01
7.075973154985244484e+00 8.581740586329305032e+00
7.427436083100003472e+00 8.688677887695273938e+00
7.269889480064717802e+00 1.012093432054214581e+01
8.004648453116145035e+00 7.931940390620177972e+00
8.166585418394490148e+00 1.210184429882821178e+01
7.230970265836447197e+00 8.495814782262337772e+00
6.522103965761341549e+00 3.501716685247560079e+00
1.068076187160055035e+01 1.500000000000000000e+01
7.137385920608579681e+00 4.717576219609602717e+00
6.932889686942820262e+00 7.620901620951611832e+00
7.010195955975332183e+00 6.222409988347072485e+00
8.044323008649010731e+00 1.130092256538629236e+01
7.191511136843562468e+00 5.355896112700468947e+00
8.595636303720969096e+00 1.232371800834356002e+01
8.237263877193457873e+00 1.291211857869273594e+01
7.449328482373420712e+00 6.898318997746551773e+00
7.310709170679817070e+00 1.093501963215393857e+01
8.303793958528515873e+00 1.074599416080212322e+01
6.375676090124862583e+00 4.360576040086392879e+00
8.643097452585131180e+00 8.635189743426922249e+00
7.044479977609847232e+00 3.338574493573250201e+00
6.145813264222747208e+00 4.621790886315982227e+00
8.207739308940954714e+00 8.216119265061530896e+00
3.528435373379648077e+00 4.778752085797362881e+00
6.861773348047646159e+00 4.370009225311054735e+00
8.326660253512605081e+00 1.491932543302934278e+01
7.932479142794985449e+00 1.123863242101744753e+01
8.389412740005258939e+00 7.264241149097927952e+00
8.349421599106861436e+00 1.207540247236770092e+01
9.461245776001684149e+00 1.365843645788035232e+01
5.818656425325537285e+00 3.944322500713909108e+00
4.407557603433199134e+00 4.595142718651443303e+00
8.933443182602733401e+00 1.020628844497943177e+01
9.528301654266092768e+00 1.145329220514927293e+01
8.093968826902584013e+00 9.262303011517511564e+00
7.896403916801000733e+00 1.031015194506825594e+01
6.622656504246922538e+00 7.861067182431337841e+00
7.365150316073911796e+00 6.695797372189083774e+00
7.573828195069245872e+00 8.256537320504810040e+00
8.266935837368475148e+00 1.055436558889870469e+01
7.973725764385104497e+00 1.239235152308193477e+01
8.173033765034096731e+00 8.194190271746414567e+00
9.185037120290022727e+00 8.392853328144886049e+00
7.184099646554354734e+00 1.082647662974232361e+01
7.893669582726574596e+00 7.067836457547898910e+00
8.687361439466787516e+00 9.952972586344635886e+00
7.805269304731382363e+00 1.035313330220718164e+01
7.178812889206033887e+00 4.659211777852730663e+00
8.464590329360380139e+00 8.245515441127198031e+00
8.280331817796925620e+00 1.254255439300325214e+01
8.960675375421116584e+00 1.352473403538012242e+01
7.421600142732136973e+00 9.235905177563207502e+00
6.022856937382647935e+00 2.473574014337603266e+00
8.470604185949490272e+00 9.298469317623634822e+00
7.298975731176715165e+00 7.653493044694842595e+00
8.387786531374540999e+00 1.316109513671712250e+01
6.202358725259981220e+00 3.448289062867173627e+00
7.466874229618206016e+00 5.245563370762949873e+00
5.453101614142821241e+00 2.691909037906565771e+00
9.761426931470387203e+00 9.399147539103816840e+00
8.945664873225128488e+00 1.187988180026961693e+01
6.404156874335275695e+00 2.764218560823923809e+00
8.877093382140891720e+00 1.147893001568673021e+01
7.194542148080598665e+00 7.615479092477231760e+00
8.085486616042297570e+00 6.405511920923301794e+00
8.696577316412589909e+00 7.579039833885964583e+00
1.094282887373231183e+01 1.279555158881124655e+01
7.839909417330479968e+00 8.842844680338007635e+00
8.114811923026600482e+00 1.006819317309245676e+01
6.916491458480701127e+00 6.010034517624535333e+00
5.542463616575492580e+00 1.000000000000000000e+00
9.036829142763313172e+00 1.033933973420158381e+01
6.397113429735284740e+00 1.000000000000000000e+00
1.880660135129498656e+01 1.500000000000000000e+01
6.336251529539031146e+00 3.904906001304017771e+00
7.053740965736150947e+00 8.691291870191166780e+00
6.666174347651743659e+00 4.421761159101552430e+00
9.770592473671026568e+00 1.398836230885953924e+01
8.968903115418601857e+00 1.029880646306859404e+01
8.429745857467999315e+00 9.451019414423081244e+00
6.891310910001712031e+00 7.088647820298223934e+00
7.818460318683081667e+00 1.222714396479171661e+01
1.091295809353662882e+01 1.327760043668451928e+01
6.284853387307193451e+00 4.183906680147869039e+00
4.064948079741709464e+00 4.170796761191358115e+00
6.396913485423949552e+00 5.293880982406016678e+00
6.368469659132672156e+00 5.550561876791110905e+00
7.499717207119396711e+00 1.191303405078367561e+01
6.805297571922392486e+00 7.822388495865602920e+00
7.616248309515018633e+00 9.220533107341967849e+00
6.945723045303744847e+00 6.827414735810001467e+00
7.347845354851534339e+00 3.766892025868008531e+00
8.783182430872070512e+00 1.380389417963169585e+01
6.527578406371755015e+00 3.618731778928437670e+00
8.250625785464643869e+00 1.202456923873996786e+01
7.900566247304246836e+00 1.168479933609726729e+01
7.897814428312867285e+00 5.913942372072153120e+00
8.169361172248526870e+00 9.667834254485271117e+00
8.033148607977189215e+00 8.145944187006318060e+00
7.752510949878597124e+00 8.326510326095545977e+00
6.283075537501206398e+00 1.000000000000000000e+00
7.706890119282572726e+00 9.092201488609539695e+00
5.752920034994143172e+00 3.431917113465384084e+00
7.631799076621056166e+00 7.773679773622638400e+00
7.001210949391602156e+00 5.636507938942543205e+00
9.007092975486337139e+00 9.258404662133393970e+00
9.641181857985047898e+00 8.055880063815841652e+00
7.115627693832695222e+00 2.360915317828181870e+00
8.496593314483288140e+00 1.218225246073087042e+01
8.366920045286843077e+00 4.447479864082419354e+00
6.045257832839874723e+00 4.956612175840515278e+00
8.734219107473647270e+00 9.232441596765170289e+00
6.825633441595997830e+00 4.723441705774951593e+00
7.170972040413237103e+00 9.334214116784648851e+00
5.840891075608224625e+00 1.000000000000000000e+00
6.861162260616412212e+00 7.899749967792966565e+00
8.290714775443454698e+00 6.364539552483226892e+00
7.981654404238704537e+00 7.238783312485317367e+00
9.374738815598622210e+00 1.080717249619082843e+01
9.087400165755735060e+00 1.029006959620629225e+01
6.504827032188017277e+00 5.045534776123574261e+00
7.532372135393413437e+00 7.939839275173944166e+00
8.316244387526426252e+00 1.156365328336238107e+01
6.503912573974264255e+00 5.064862946091057694e+00
6.855918652622271736e+00 4.160312319259285907e+00
8.810419288126368542e+00 1.159046499735718072e+01
5.374306689421758598e+00 2.279954327204266384e+00
6.467517040719206634e+00 3.802744740589464101e+00
6.167247328306337373e+00 1.000000000000000000e+00
5.771226477849429770e+00 1.233674024828784077e+00
7.133462882912894543e+00 5.788909417165418958e+00
6.538961704581733869e+00 4.919243146112513898e+00
1.001215352175821671e+01 1.441401028412550644e+01
8.458294365511736856e+00 1.189578359754320047e+01
7.356374778104028955e+00 6.457479962287986375e+00
7.172769018297828758e+00 7.698630320489877832e+00
7.359092059167686273e+00 7.877474916108480052e+00
