8.794963989292408968e+00 7.935741515133807766e+00
8.855931242404066595e+00 4.454317340362774047e+00
8.760161148590395186e+00 1.167592251873628406e+01
8.818915501867341078e+00 7.002008588213214146e+00
9.033525816995993551e+00 5.993906427967547579e+00
8.769321585047080703e+00 8.736887269063455363e+00
8.918468328479082885e+00 1.346623978527879117e+01
8.612019052941903396e+00 5.024334238025260468e+00
8.743097487404998702e+00 8.547627636888261549e+00
8.824328034145191069e+00 8.812038375459206208e+00
8.899977532649312906e+00 5.286959282382905911e+00
8.839938117692041075e+00 8.652746143272848300e+00
8.860249851207289140e+00 7.969720876580620228e+00
8.808275703896999431e+00 1.072528569638788909e+01
8.726535224190243412e+00 7.789619784533134528e+00
8.714510593562319940e+00 8.793685261219993166e+00
8.916795903976952431e+00 1.320083167311117833e+01
8.479825642996729584e+00 8.315532970703747750e+00
8.813366404762380313e+00 9.911985375499789086e+00
8.822502089281597293e+00 9.504615215696826880e+00
8.931906430704689370e+00 1.014640813134501585e+01
8.831825113973128083e+00 9.799327869018942039e+00
8.759541483135068418e+00 7.805718230384316669e+00
8.760799209018182765e+00 7.463073425529295868e+00
8.876078572207163120e+00 9.520693220118999989e+00
8.822666799948798655e+00 7.872360128490975661e+00
8.792766370701778911e+00 9.791358564506072781e+00
8.769717177026851829e+00 8.816185702574461658e+00
8.855216730251454393e+00 9.176231006526506917e+00
8.841962937567792835e+00 8.031969300007395063e+00
8.843775121117763760e+00 9.090657216347063141e+00
8.938740887805410651e+00 9.731734090506193979e+00
8.709303407296406618e+00 7.142411310979793981e+00
8.742668615547660949e+00 7.781049895635900882e+00
8.850053752142510888e+00 8.097478266941450897e+00
8.734756263121369102e+00 7.261600124843866411e+00
8.551115828421950837e+00 5.346550968772843859e+00
8.785975319546308171e+00 7.053967480912496590e+00
9.029679795158676470e+00 8.475215677736645858e+00
8.753868963812642789e+00 8.490390122794403638e+00
8.838794415734717802e+00 9.081011566983153926e+00
9.002251178314006452e+00 7.479483638942197032e+00
8.633248290240530309e+00 1.035000496882727994e+01
9.352902917893453960e+00 1.142325996787935161e+01
8.744526709436186707e+00 8.648881746070328447e+00
8.922010524351781768e+00 1.102575697065193872e+01
8.862016382216564736e+00 1.085388544788948728e+01
8.679768877859331155e+00 4.511596378640371441e+00
8.784640035072515118e+00 8.951797177709426734e+00
8.965110165480089321e+00 1.141192788890725751e+01
8.839559745818093006e+00 8.335597267381306352e+00
9.017262301627866350e+00 8.726141217081176293e+00
8.765916956957235939e+00 8.910558571971195718e+00
8.849958658184920779e+00 9.850625133887293217e+00
8.813573545795454933e+00 8.585264078182524017e+00
8.785017981636983109e+00 9.379810871283105200e+00
8.750471961844032975e+00 7.936314803115858574e+00
8.875679046628315305e+00 1.127907506066916987e+01
8.665565267470356048e+00 6.460409632038028427e+00
8.829709120220442742e+00 1.013073521737765503e+01
8.781508851420811723e+00 1.080485066589173293e+01
8.793891205135683009e+00 8.396280153216787667e+00
1.005157584829570361e+01 1.128359921259468912e+01
8.679861302204463058e+00 7.599025721400507472e+00
8.788169349991060031e+00 9.702803507599604416e+00
8.880795060742794789e+00 8.946455493095529121e+00
8.817696136855746047e+00 1.150611297434872782e+01
8.688487777919993604e+00 1.085530918665214806e+01
8.809403192971553054e+00 1.050866084265392431e+01
8.731026487249328838e+00 7.538943404448108510e+00
8.879241521015311278e+00 1.003158255461653070e+01
8.869784631540902353e+00 1.228215712494866629e+01
8.751870718149810102e+00 9.543144841430954983e+00
8.744244276059202292e+00 5.043849549384382236e+00
8.753067110067638268e+00 1.050387749885438637e+01
8.822274489876708259e+00 8.402458566464103384e+00
8.643518974431330548e+00 6.830314545566288587e+00
9.215905018313652164e+00 9.886958664704627253e+00
8.824767264299282488e+00 6.801445798938713594e+00
8.803015798012570059e+00 6.753116392329426176e+00
8.708737962642878472e+00 9.415447348118776816e+00
8.788721131132302133e+00 9.248332969064618325e+00
9.272780004847055224e+00 1.253569307753756235e+01
8.741196724994884093e+00 8.707055067728413533e+00
8.772318544887268033e+00 8.688586256811944963e+00
8.707584816328321153e+00 7.818515521009484992e+00
8.816916513204819950e+00 9.082930703993802979e+00
8.837124219113380974e+00 8.727251968870863408e+00
8.888971328755911117e+00 1.096805593984862170e+01
8.758926954628481809e+00 7.489985606212703040e+00
8.734558794813953142e+00 6.490148429916597905e+00
8.956763815860302458e+00 6.462252391050792077e+00
8.643262949791939320e+00 6.693284460165918937e+00
8.773402305562282066e+00 9.967238670072848805e+00
8.756763543075535949e+00 6.897295678601222058e+00
8.828019424777842517e+00 6.996923936273837796e+00
8.716350624472214648e+00 8.105751874121304823e+00
8.766447482784656131e+00 9.385634814279949723e+00
8.794846915814099830e+00 7.693056263578157861e+00
8.852990936143392275e+00 9.851896706572082607e+00
8.867858370819902802e+00 1.073558025244934910e+01
8.932118946064047549e+00 1.085541138367398162e+01
8.760953234691923441e+00 8.605832071829976115e+00
8.675012463581726507e+00 6.091794873131852306e+00
8.837192572141079339e+00 9.078149685898280197e+00
8.874904930195445019e+00 1.215982340429330577e+01
8.867627398023710583e+00 1.053982345325774972e+01
8.813110456353566491e+00 7.928179648069646923e+00
8.895054357007207813e+00 8.139547884988568072e+00
8.860619841861112178e+00 8.202078920403499396e+00
8.802847945848853328e+00 1.083774738910845237e+01
8.758290692252442611e+00 7.857617980529373547e+00
8.901164670021200820e+00 7.530655203080091731e+00
8.735504911218551882e+00 6.781301307432164194e+00
8.714097741174636980e+00 7.453827005638563818e+00
8.888986797082472080e+00 1.302489018599732340e+01
8.812128310425151767e+00 9.621900724987987985e+00
8.741314441633976529e+00 7.926166720689718836e+00
8.653898029712371098e+00 6.650527351272806698e+00
8.839787651977028204e+00 8.387616996315054863e+00
8.779019412260886668e+00 8.512432143612217672e+00
9.804577030746337130e+00 9.032916375091463834e+00
8.799555944961586107e+00 8.202854135455863727e+00
8.903203741096746171e+00 9.530831844727149615e+00
8.681387633722467356e+00 6.523474808167229355e+00
8.754151665969683194e+00 8.616626090201387811e+00
8.800978590343131458e+00 4.801046597951229344e+00
8.732860437048923785e+00 7.072856567086139634e+00
8.744120013407176373e+00 8.382502127277543735e+00
8.815075613584266279e+00 7.739490126635381273e+00
8.751293088156289812e+00 6.310859060048123581e+00
8.874299908132421422e+00 1.236229434352138945e+01
8.777917402305380534e+00 7.911054160398188095e+00
8.779561271605109241e+00 9.939697987461682871e+00
8.852264287556533162e+00 8.725351931785956694e+00
8.696335842467314947e+00 8.016742403307906883e+00
8.779120531343769684e+00 9.025500527697646547e+00
8.871737632361240244e+00 9.442909156885994193e+00
8.906813692375813218e+00 9.914677628347437377e+00
8.742672177210652151e+00 6.661945856472691219e+00
8.853550185707284470e+00 1.141016524143757493e+01
8.758142897362994006e+00 7.303099395195258303e+00
8.827998933817966076e+00 8.295798402617496237e+00
8.856820575220233138e+00 1.056747489376709304e+01
8.829811860098985221e+00 8.017710090718679794e+00
8.893049600775944086e+00 8.816171534373744123e+00
8.746390926342742844e+00 7.085136847048241648e+00
8.715674264232585955e+00 7.173525450581132112e+00
8.795204636261393816e+00 8.030105969354229600e+00
8.790635349326166192e+00 1.147974462260392947e+01
8.960385041293951858e+00 1.191495000344666977e+01
8.841973114666348721e+00 1.168696946877540199e+01
8.933922850724528075e+00 1.070280799360965851e+01
9.017500531900584093e+00 1.101616193317115311e+01
8.833573023151428671e+00 7.009539249050932952e+00
8.774442937850050583e+00 9.353291573304614914e+00
8.830472958025572083e+00 1.097711455851451490e+01
8.917857056522045411e+00 9.739143294382898830e+00
8.709231388682006525e+00 5.550078270096103772e+00
8.645221028909174876e+00 7.065702336713977516e+00
8.947716109866728829e+00 6.067955274005497834e+00
8.740011497975599397e+00 6.786108996660683346e+00
8.990849138830510512e+00 1.255492815685043873e+01
9.134953782948473489e+00 1.130170253459346696e+01
8.615794241050842572e+00 5.340812491545143814e+00
8.706437431809437300e+00 8.622954549149392633e+00
8.767531411702334410e+00 8.420218622958920207e+00
9.320823991404761699e+00 1.349228901526232960e+01
8.855863318632760439e+00 1.029541521922129022e+01
8.805219466361821290e+00 1.077078645057987139e+01
8.816630872731696655e+00 7.426264108067255343e+00
8.751408754210759255e+00 6.918313599076107323e+00
8.877878292914598291e+00 1.251010104047313831e+01
8.804768320904070578e+00 1.138039152770636342e+01
8.568960883824717101e+00 8.507463241923321817e+00
8.795685783514773703e+00 9.662696238066933674e+00
8.743052634376869747e+00 7.071276776706958422e+00
8.792561231953424539e+00 8.089132514065477508e+00
8.765043782217151858e+00 7.332540551075082291e+00
8.856157676816541979e+00 6.911101729658526871e+00
8.811855569091138207e+00 1.039971090586089275e+01
8.845038154857260082e+00 1.243442169839090461e+01
8.852500304684435051e+00 9.466654806208886441e+00
8.932195840818916821e+00 1.165692242536523970e+01
8.775039533832684313e+00 7.912761532655257390e+00
8.784834218429484309e+00 8.190412442113526481e+00
8.662139444911693076e+00 9.034842627474588994e+00
8.923521578404109533e+00 1.030003915953138893e+01
8.338145763138211208e+00 4.612027258336219404e+00
8.799622929081337475e+00 7.941810819232978602e+00
9.289576115664434752e+00 9.703386320380573693e+00
8.817986283989920793e+00 1.113683954615805582e+01
8.744387584686293735e+00 6.363582565572195371e+00
8.913035735881704724e+00 1.152732785255297543e+01
8.792872717413512618e+00 8.724599290592324863e+00
8.844524544596012561e+00 1.080626395628517855e+01
8.916267033779643469e+00 9.851583522900991596e+00
8.711978360947279398e+00 8.031937521820537995e+00
8.789429672516581249e+00 7.373477738677460813e+00
8.861380802051121108e+00 9.079802856223251339e+00
8.899325928915036599e+00 7.054740210210644236e+00
8.694665554134395791e+00 7.457338204926632130e+00
8.808251378466703585e+00 8.186319522100239610e+00
8.797670541341805261e+00 1.086847005556432677e+01
9.308248332102744271e+00 1.131201987711828494e+01
9.055403556001603960e+00 8.756062664954502139e+00
8.914900151364847147e+00 1.428981661636852962e+01
8.805237771069091224e+00 9.243667619465249174e+00
8.859065921300132374e+00 1.068499392207224119e+01
8.873664384097716962e+00 1.173291833855847699e+01
8.564259517419687384e+00 6.345643556208293568e+00
8.771820645226938495e+00 9.961611981378773351e+00
8.707229027760543971e+00 6.216261388953554068e+00
8.813195242171120825e+00 1.081802646865222606e+01
8.978662853660566157e+00 6.998630990811250285e+00
8.749178290298576854e+00 8.473436067632869495e+00
8.710030554680606940e+00 6.797653227795260378e+00
8.791367870193033340e+00 9.281668598156047167e+00
8.796834805762708598e+00 7.286189619799428030e+00
8.801449077337753835e+00 9.147517170187828839e+00
8.797835504900533010e+00 9.531490979658563845e+00
8.758794624293701148e+00 9.037599570854750297e+00
8.710114205873164650e+00 8.713028725148664222e+00
8.964931818772768679e+00 1.089515888282174494e+01
9.051203350742156317e+00 1.084669048483046794e+01
8.843200671556504133e+00 9.713468884326449171e+00
8.854383291292981184e+00 9.458702530505069817e+00
8.786135942098882268e+00 8.088383885790868533e+00
8.897239829501536690e+00 8.297105666114608979e+00
8.764153454949163091e+00 8.883357258570930171e+00
8.547452320058592790e+00 6.103365551406527700e+00
8.689642349935390087e+00 7.389652939507094231e+00
8.717841574915315306e+00 7.043634922083961136e+00
9.719396110594846760e+00 1.406438672302417459e+01
8.833074127776090023e+00 8.922912591015313311e+00
8.827878688700394605e+00 1.005556579305486409e+01
8.821231891341771103e+00 1.262910011773788099e+01
8.931454915594665422e+00 1.407939513794078579e+01
8.840223510696155529e+00 1.166822590364888512e+01
8.882026327364947349e+00 9.764375247653493517e+00
8.907344648709909052e+00 1.013272342364927425e+01
8.819803337740948379e+00 1.277796553465206486e+01
8.808006529750684876e+00 1.278107570657219050e+01
9.010679520452228530e+00 9.004381970060707729e+00
8.688675982183120539e+00 8.157206305231650134e+00
8.841291253028487063e+00 7.342052620742009594e+00
8.765216152281034567e+00 1.083064169356294748e+01
8.855808451478548449e+00 1.013344401069147160e+01
8.815684890127352347e+00 1.057568597864680626e+01
8.994074702794668141e+00 1.282806929655383499e+01
8.853609345306264089e+00 1.243232812718302327e+01
8.724999843131179489e+00 4.533979651504585817e+00
9.441698120839763675e+00 1.072299440886062705e+01
8.894292769219649841e+00 9.795440990505094092e+00
9.261318004571045037e+00 1.214905890213725215e+01
8.668259837500906784e+00 6.198590594244095087e+00
8.812402840583075658e+00 8.620255057386751574e+00
8.805315063173038581e+00 8.192183380141896620e+00
8.793169146465881880e+00 8.512428241431795328e+00
8.787915083902834823e+00 7.128524656283218519e+00
9.011637935755336670e+00 1.217335993522977233e+01
8.983318297401359231e+00 9.490505092353730632e+00
8.772736321619808209e+00 1.284900285296126299e+01
8.834090307351647908e+00 8.217076610800901904e+00
8.936485651467272362e+00 1.189815693871152291e+01
8.751938953756008388e+00 7.142622975921204542e+00
8.844554531084217075e+00 1.304572092102519676e+01
8.869277568008682167e+00 1.233932313577571449e+01
8.845623762256920486e+00 1.088562541303470077e+01
8.773998663025469824e+00 8.639545129410196367e+00
8.697232957762928152e+00 3.653303072394853857e+00
8.807309544191511463e+00 8.398439778041762338e+00
8.818550110454044244e+00 8.653177373065782163e+00
8.842905748149350487e+00 1.091024165306096094e+01
8.740607119067623998e+00 8.859841440227116394e+00
8.880200741785387208e+00 1.006473746361246668e+01
8.793649895104113767e+00 7.817464689782998910e+00
8.724177692144618135e+00 7.675252061274631110e+00
8.845811356538703762e+00 8.941459859100657326e+00
8.802377843925365042e+00 7.745072926779922540e+00
8.663857585742999134e+00 4.799538564364880244e+00
8.814194727303441113e+00 9.737878973764933832e+00
8.853826640168199091e+00 9.561437960910573963e+00
8.813529629067325288e+00 8.572795052581895447e+00
8.649711601272048966e+00 7.448707917874970441e+00
8.754404587286813921e+00 6.853186723370759736e+00
8.717168485300915037e+00 7.084169899278397686e+00
8.848702336657375156e+00 1.146392914315087808e+01
8.951708423667781744e+00 1.381250958836594833e+01
8.736326532553288615e+00 7.877009192476994492e+00
9.238738692800893659e+00 9.830799640740307765e+00
9.103597584133934717e+00 1.273905736044088499e+01
8.813247230890123518e+00 8.737762687598014111e+00
8.804283455802337954e+00 9.490471927166442612e+00
8.727611818857621273e+00 8.491017548057905984e+00
8.790406270372251640e+00 1.072908023037031278e+01
8.849122406372856631e+00 1.038811619362536298e+01
8.681984742387875542e+00 7.481025318281806058e+00
8.721185488882596815e+00 7.479938586015224544e+00
8.727632658271787136e+00 6.371479078511410599e+00
8.605399756077876106e+00 7.620485764929079586e+00
8.656745172246120390e+00 8.543673936491522625e+00
8.739306283750579496e+00 7.084822944303673431e+00
8.748921987433602609e+00 8.059556668830520465e+00
8.808311102785044255e+00 6.739109814287575162e+00
8.742214368750332198e+00 8.437179893994690261e+00
8.811504882582035236e+00 8.674050202662790809e+00
8.819923414806549289e+00 8.866913709461302417e+00
8.693805857816608196e+00 8.589887028224358900e+00
8.719980990784954145e+00 6.860652242527780054e+00
8.722974861179782380e+00 9.656732916388374832e+00
8.786225979474458825e+00 5.032083233299282199e+00
8.787714887231825145e+00 6.682031849253422529e+00
8.915422045021266229e+00 1.351886412390395265e+01
8.790236535672711682e+00 9.008154907283945079e+00
9.324268514852386502e+00 6.888451449261838277e+00
8.739038829610940695e+00 8.274801020954903663e+00
9.002425932720401036e+00 1.012191898493240316e+01
8.785817175968645643e+00 8.380358425348399365e+00
8.803849451837949758e+00 9.721451780143128829e+00
9.047202655950208339e+00 5.646646774504935351e+00
8.700190290890637002e+00 5.628191599411827895e+00
8.849357311215625188e+00 7.467926408873736044e+00
8.749731670091211555e+00 7.498108461215005960e+00
9.152155706274951896e+00 7.739145300623481383e+00
8.760671704374313862e+00 8.518103001894271387e+00
8.804171236167590564e+00 8.672761718314728085e+00
8.776125843956121386e+00 8.376190129294892373e+00
8.803135269244858563e+00 9.029351410704876457e+00
8.925930687943219866e+00 1.034350737974978429e+01
9.200935064662459695e+00 1.487968985524393162e+01
8.861669123317506447e+00 7.932420091986125854e+00
8.833878340035088428e+00 1.119241258003052941e+01
8.936957562369826746e+00 7.978608724967583221e+00
9.442799789538369737e+00 9.424244544502506926e+00
8.916357958622405988e+00 1.139306022578574407e+01
8.744796254633577348e+00 7.813782418154453957e+00
8.697672004116261846e+00 5.690048351750253808e+00
8.570744695165972260e+00 6.697529955709279115e+00
9.507556137101760285e+00 1.011033730146412424e+01
8.846796476767725181e+00 9.580856863041301352e+00
8.701302202442645850e+00 6.969819809027248958e+00
8.811276769185159452e+00 8.381881474532026033e+00
8.937596508493378167e+00 1.158776056869085558e+01
8.559639463327636477e+00 6.051564473540274491e+00
8.813184611232266263e+00 8.449118131909607143e+00
8.723508491092008654e+00 7.214682932628985412e+00
8.767880427519900266e+00 7.646216064633442500e+00
8.777542612284390700e+00 9.422217188119601516e+00
8.920746798085737339e+00 1.176414416199737900e+01
8.727645709630756699e+00 5.434790585150786058e+00
8.728551942926252138e+00 7.791990618454833317e+00
8.690853965737922238e+00 8.446574872114936738e+00
8.724400026601738745e+00 5.442459483045558599e+00
8.929559288443083886e+00 1.124126393311476946e+01
8.903508940321907872e+00 9.820144292126983032e+00
8.752588515029783522e+00 8.790385062341558253e+00
8.731035179225550280e+00 7.078481960284216612e+00
8.849236886318903927e+00 1.046832194132193372e+01
9.017313323877745646e+00 1.088745474959350190e+01
8.998124722063185033e+00 1.089782054265070244e+01
9.297955962813970743e+00 9.354564642378573325e+00
8.873291930522587023e+00 1.039189506993608703e+01
8.770118146155120087e+00 8.186071781556618632e+00
8.683516949518635286e+00 1.072713366746128472e+01
8.691504564689969570e+00 7.014968626757834613e+00
8.609982503637160889e+00 7.289672169497393384e+00
9.916752209531692230e+00 1.081246595826257106e+01
8.687835800587215829e+00 7.038618979277148746e+00
9.052887946353735060e+00 1.029214839613431032e+01
8.683514607471728652e+00 4.757208067844705290e+00
8.727191836516780654e+00 8.015293139649928733e+00
8.702213367807212663e+00 8.426505509735042310e+00
8.728790714773493775e+00 7.284731719890124246e+00
8.911457250269977592e+00 1.076865069460919422e+01
8.844198631981960546e+00 1.053086423322041298e+01
8.876831363774874362e+00 1.075325140818017466e+01
8.901145959337380731e+00 9.138226542883138848e+00
8.749057207704387551e+00 8.361221646433094179e+00
8.815992077830927087e+00 4.842711636347830861e+00
8.760885472989127010e+00 7.722778399904813185e+00
8.665934306253104680e+00 7.012272814174960622e+00
8.795528378344615206e+00 8.645358325932788190e+00
8.605754365076114354e+00 6.775346794692461039e+00
8.804892632914040007e+00 9.184130078085297910e+00
8.799186742049764476e+00 7.796569529349835825e+00
8.697004840762016187e+00 9.821555425084527613e+00
8.792481462177750728e+00 8.456514019278213112e+00
8.750120825659379875e+00 8.802214369316260445e+00
8.922973901081434178e+00 1.311402748156509546e+01
8.746578391807618758e+00 7.160064880615627736e+00
8.748444175135004386e+00 8.861161332197914575e+00
8.697951885185577936e+00 8.954460555450861392e+00
8.832822297830716707e+00 5.268985260204670951e+00
8.880320475610455233e+00 1.201568975150228624e+01
8.748607495329709494e+00 8.404468698982416441e+00
9.071786945567360760e+00 7.765312369956452798e+00
8.880019242077077379e+00 1.209212509873734653e+01
9.114308533036592053e+00 1.051477820722705658e+01
8.774044860559722991e+00 1.032067978670944441e+01
8.828102629079477737e+00 1.024701109631978824e+01
8.689601095168390188e+00 7.325001231020239700e+00
8.823630099429463414e+00 1.227368165538158351e+01
8.711589667685187166e+00 6.455657809730110941e+00
8.753119853552112417e+00 7.846122647875073852e+00
8.842151896342777206e+00 4.252195388431529999e+00
8.960290228816095492e+00 1.378207768784155363e+01
8.788378864665585155e+00 9.130116921663409713e+00
8.755765600542067872e+00 1.076521231227999031e+01
8.902519836005817311e+00 5.712071800384616260e+00
8.701175716093546342e+00 6.949013108697281282e+00
8.723602745860683072e+00 7.830613900292121343e+00
9.073022968354697682e+00 9.868382100761253994e+00
8.912151879851045067e+00 1.041554820467957576e+01
8.697824992205184458e+00 7.218407751938968886e+00
8.819100472572138472e+00 9.416376308058591604e+00
8.821199319483412182e+00 1.019321828215770154e+01
8.724143160470244851e+00 8.906431036012770974e+00
8.865495641300167762e+00 1.021358905724307675e+01
8.621478118094966447e+00 5.964177811740704271e+00
9.145331287768616590e+00 1.163087164506105076e+01
8.819360553115100032e+00 1.079994743530739498e+01
8.741755582310823058e+00 5.963954079081634774e+00
8.855698928706280171e+00 1.160134010771369439e+01
8.713750222952251434e+00 6.588204588415031537e+00
8.851565028357450515e+00 1.043656534889991150e+01
8.958135325440563790e+00 9.455000186847831500e+00
8.737419649699456059e+00 1.003170113204348368e+01
9.047651727085895601e+00 1.131767929899434222e+01
9.017583241645676040e+00 6.563662422846806344e+00
8.911307406539208387e+00 9.552664481342240776e+00
9.096072715556678290e+00 6.170872591725419909e+00
8.802723993296416083e+00 9.468715537893785950e+00
8.717564613342027258e+00 6.418404341291169324e+00
8.817915293188347547e+00 9.930494373511848494e+00
8.815637112547129561e+00 1.087343655561954137e+01
8.739541718067432186e+00 1.153952807554516369e+01
8.835956493026685621e+00 8.475661686026267461e+00
8.779973035708760420e+00 8.671951046709537536e+00
8.815169334736246753e+00 1.087584871873837677e+01
8.672831898993743849e+00 6.063408263938500298e+00
8.782710654251534521e+00 8.440556376449988463e+00
8.862298729599572766e+00 1.106794434148341999e+01
8.792545975863633956e+00 1.262740587237449219e+01
8.877835755079381386e+00 1.210410591482180465e+01
8.771591289013620951e+00 9.565482902280669109e+00
8.815931126023311748e+00 1.286286518149609925e+01
8.846467272365092782e+00 7.890284646267137880e+00
8.772053969735193135e+00 6.339049608861244245e+00
8.878912511439075672e+00 1.335267161957967019e+01
8.910175028660702878e+00 1.237106620621792175e+01
8.716869304163559207e+00 7.070848883965744847e+00
8.718807055222818292e+00 8.629666650418156948e+00
8.725537028742717638e+00 6.521363965722677847e+00
8.825784408855778196e+00 6.772455875089398170e+00
8.844638628333212793e+00 8.302078949783487261e+00
8.844340632425538473e+00 7.953963257749299132e+00
8.817138709716836331e+00 1.092095887974752344e+01
9.416042385495273948e+00 1.193978238175544071e+01
8.851492533348819691e+00 1.331445796573633622e+01
8.786219745265812620e+00 9.355698415777366606e+00
8.721322635400310830e+00 8.083958987353687675e+00
8.956782960084176182e+00 1.128719679116726837e+01
8.796750028475813110e+00 9.714882414073079175e+00
8.962260522400718799e+00 1.249002827085179312e+01
8.784853606919945435e+00 8.055118465932048721e+00
8.842572526125319854e+00 8.624523715051173767e+00
8.603999673945846638e+00 1.034675070845464973e+01
9.122631809671696956e+00 9.882334680278006545e+00
8.754489200333233967e+00 8.878381355142982656e+00
8.904039739888141014e+00 1.285784096906732898e+01
8.815667867175982053e+00 8.970630707749554844e+00
8.745994688018580376e+00 7.034741895137972989e+00
8.861119506009844216e+00 9.351814638233262755e+00
9.035903642474259811e+00 8.460176548892579973e+00
8.637795775667440168e+00 5.729730380572465975e+00
8.784072398709692919e+00 7.577018777828172347e+00
8.710705710300274518e+00 8.665676835111234766e+00
8.824925706705315065e+00 1.224953330758747683e+01
8.705787230787091602e+00 5.619311514764875781e+00
9.131831743037379212e+00 1.121457018696503738e+01
8.874878264193437616e+00 7.975069966922307962e+00
8.769529968330736835e+00 7.541395265224287492e+00
8.675259512404151607e+00 6.123770063480004744e+00
8.951695161984888571e+00 1.133881830237214672e+01
8.822650828969592851e+00 8.283581568499815972e+00
8.713994027083433735e+00 6.806896063660863305e+00
8.857589259107221835e+00 1.054013308293857420e+01
8.793731518823943105e+00 8.908389741406812945e+00
8.830563509100057829e+00 1.025539352018818917e+01
8.871340079542870072e+00 1.145868069364676956e+01
8.522648314697208960e+00 1.021748254437173387e+01
8.790939338942987291e+00 6.865487609377473710e+00
9.065684063110550639e+00 1.249946045078788792e+01
8.894753876397702541e+00 1.265525327400549749e+01
8.811087044148855796e+00 8.415036397009599156e+00
8.921902125944422224e+00 1.133889337055752833e+01
8.803965171698145298e+00 1.018618526731255258e+01
8.720475992615085659e+00 6.659305006666802917e+00
8.723350959379288838e+00 8.818038353007036534e+00
8.930892699045084981e+00 1.202089797068969190e+01
9.593948455940328301e+00 8.362470435008185987e+00
9.610170367284558424e+00 1.064156860789551651e+01
9.130695855226800717e+00 1.203978976380027532e+01
8.835868518619461653e+00 1.005372179848439451e+01
8.689197177221213764e+00 8.370350449901813761e+00
8.785765631522156838e+00 8.568610878438867928e+00
8.716182047040367920e+00 5.371216431904823452e+00
8.764765682042860107e+00 8.824306163887465360e+00
8.912855410501517639e+00 8.905559344265082444e+00
8.962718659131329701e+00 7.388731709486251908e+00
8.790605582659139827e+00 9.562293085126368553e+00
8.846813133351361103e+00 7.350731113766360458e+00
8.957605419796657031e+00 1.054654348473782299e+01
8.860636086699475555e+00 9.262792854501824991e+00
9.344645151281477879e+00 1.140458527462423710e+01
8.856328857368682250e+00 1.082202348653791191e+01
8.848253730005462003e+00 1.191442834765925696e+01
8.815454768707647659e+00 9.532815629782495748e+00
8.768439191341364847e+00 8.893945090624177041e+00
8.812764212063598279e+00 9.088568881071660499e+00
8.746124848022279963e+00 7.485497675710472087e+00
8.729239819613324514e+00 7.670263299504128440e+00
9.001251505672627218e+00 1.386672918091568185e+01
8.836117446846159851e+00 8.266462022393188391e+00
8.777464775616545367e+00 7.706531784777060246e+00
8.963528617578297997e+00 9.880725148765968413e+00
8.632442717860708825e+00 7.870233727739972096e+00
8.768630196952340583e+00 7.544627198357339637e+00
8.725047362744810187e+00 6.992795050161063841e+00
8.864113429674766564e+00 1.091353707924599092e+01
8.889354992774009645e+00 1.148109146485678167e+01
8.763234756906669531e+00 6.680605715568905367e+00
8.732241213478978636e+00 8.093014926182339863e+00
8.703852782018270062e+00 8.499780061298039868e+00
8.863674395388681404e+00 9.331236264944690717e+00
9.740393265027952552e+00 1.407300799597765639e+01
8.730440046792191211e+00 1.030095918973347224e+01
8.858105252519843376e+00 1.080769697911774507e+01
8.787830666318308559e+00 5.895621141343763583e+00
8.914761608774004031e+00 1.321170843511699822e+01
8.824804407767139480e+00 8.648816982971538891e+00
9.119659318813662097e+00 6.986268145335722934e+00
8.669253438459103123e+00 7.615790315441385516e+00
8.729706176205221269e+00 5.657495763650551623e+00
8.788368056205754897e+00 9.470406764667329114e+00
8.778250671402901162e+00 8.540191405455873408e+00
8.842393186528074267e+00 8.401013456525868506e+00
8.797405153823582680e+00 9.224498695040253438e+00
8.807580416374339194e+00 7.193147832924974061e+00
8.858168421227972544e+00 8.647049591082460296e+00
8.825775494219785244e+00 1.084360270379999491e+01
8.784019072069879641e+00 9.036252894927601531e+00
8.916024128024560014e+00 1.307603944161963483e+01
8.688544322939218745e+00 6.725384708712180526e+00
8.907652421857413572e+00 1.097441998213315451e+01
8.684077247482889561e+00 6.807071555567814514e+00
8.763542331053166379e+00 9.956901752630230362e+00
8.841545942954567749e+00 1.032713553761996472e+01
8.731283466823766659e+00 7.175108953241743137e+00
8.904041732167666368e+00 1.202832018885644061e+01
8.645204731918676444e+00 6.988088612766176766e+00
8.864170497442593444e+00 1.001339398661869140e+01
8.784042064612217260e+00 1.002833347824503640e+01
8.764267408121435565e+00 8.299457133242674090e+00
9.081597107095838339e+00 6.960493299841722603e+00
8.673682223680579284e+00 8.536916960730815518e+00
8.880933761902777945e+00 1.080197448070125787e+01
8.850791957483659544e+00 5.480300158394530996e+00
8.934548824966430658e+00 1.210220142816781674e+01
8.898547447515388953e+00 9.894211647823331290e+00
8.735525235428461599e+00 7.666595455360663003e+00
8.730741226556757439e+00 7.043466057208012110e+00
8.846880659019895177e+00 9.102380560732077797e+00
8.861303478446206583e+00 1.415633011534776386e+01
8.876025760834366451e+00 1.113477358228154301e+01
8.816883231973269730e+00 8.183345158880085179e+00
8.898999881908158827e+00 1.131001453976788795e+01
8.838309499001661962e+00 7.589813842585855674e+00
8.806785186579650926e+00 8.689859971961016782e+00
8.876116834378571241e+00 6.702293667196125959e+00
9.055279044709044101e+00 8.246391928512700531e+00
8.851128203767453684e+00 1.063927018488634602e+01
8.790755609824035588e+00 8.737099258066184149e+00
8.835976639686087708e+00 1.043591708254735018e+01
8.873299623133808822e+00 1.028003502928162405e+01
8.951910749489709218e+00 1.101414016926156592e+01
9.090836773449913366e+00 1.084218091066215450e+01
8.868788123658941203e+00 9.980549833359791734e+00
8.987300156574601573e+00 1.375554420606539274e+01
8.877722243700983284e+00 1.246340565697405012e+01
8.618469893113500646e+00 6.659912664277465311e+00
8.805290889571715240e+00 1.223906827774236916e+01
8.743236459380167247e+00 6.178079281449901927e+00
8.827151459269382272e+00 8.008690278468916901e+00
8.824095113540085578e+00 8.501465931731246428e+00
8.788940012720640738e+00 9.385000041995931852e+00
8.872634000123866826e+00 1.258635582335435465e+01
8.715664513164457006e+00 9.914619834027076806e+00
8.751155647445097330e+00 7.974738899934543213e+00
8.713218271360844369e+00 5.569924766043255815e+00
8.768499039365135417e+00 8.705508200792802853e+00
8.776397047151309749e+00 9.661676049862361282e+00
8.769048084660420628e+00 7.937039838349337906e+00
9.077400135122395852e+00 9.815283305087648458e+00
8.894779688050357791e+00 9.732915143473796604e+00
9.084176673627066378e+00 1.475895507095474279e+01
8.734093019416540926e+00 7.812089407419681386e+00
8.632424909785214595e+00 5.178728616800031936e+00
8.670091521726000394e+00 6.070537893646387850e+00
8.850562960674199786e+00 1.103892949529328504e+01
8.817799378457909398e+00 8.998315143941816530e+00
9.109550842609452914e+00 1.112256598116661799e+01
8.926463403991412804e+00 1.026567541856633525e+01
8.874016754481276692e+00 9.097783429691732593e+00
8.753390339404338860e+00 8.073373770360477764e+00
8.756202249959851969e+00 8.273944370852275298e+00
8.742315876410639675e+00 6.175957224101117582e+00
8.770654018036740496e+00 8.396118506986105956e+00
8.699776492463701771e+00 5.844164585228309505e+00
8.802548404501605361e+00 5.337583855839362457e+00
8.881226783317165641e+00 1.230728439659085183e+01
8.758470196193041346e+00 9.555292551355206498e+00
8.705203354796218207e+00 6.558911234066812312e+00
8.756823569261241502e+00 1.203558593963343526e+01
8.557257247045608750e+00 7.496996309690867832e+00
8.754547888871117678e+00 1.021613089752547587e+01
9.016801097735880788e+00 1.111629904389561752e+01
9.028628829739444583e+00 7.152134376157934348e+00
8.833447211631224150e+00 1.087487762165860516e+01
8.875631708974371037e+00 6.438777182645386787e+00
8.756583315356850861e+00 7.409718238192479767e+00
8.863236309874654495e+00 1.214991136855617171e+01
8.788970609441992821e+00 7.779554806651614918e+00
8.753434602710365553e+00 7.910681886503453164e+00
8.809984274453405817e+00 8.509757901477934539e+00
8.827459606714546325e+00 8.715399027732434689e+00
8.718206614950785749e+00 8.817550464783037611e+00
8.763269671887574219e+00 8.966706490499955606e+00
8.988887522614863457e+00 1.148883428869205403e+01
9.471687009290819859e+00 1.047352218973662552e+01
8.818473266786877929e+00 7.835485470131838603e+00
8.756838083122167049e+00 1.007000276577248776e+01
8.766080702344364539e+00 6.461788899921950602e+00
8.846700132513568349e+00 8.364982296054712663e+00
8.796023679492904535e+00 6.806547042459051511e+00
8.935464583507950920e+00 1.134016655764245840e+01
8.786612684166769327e+00 7.752455773462005872e+00
8.656768710832619007e+00 8.719921247697570266e+00
8.722361006804611350e+00 8.906087995388569212e+00
8.728831469823431277e+00 7.845794731105471875e+00
8.810002317905247793e+00 9.438988106642330678e+00
9.044340303526219316e+00 8.150236743857233179e+00
8.824946158188007317e+00 8.192897110366896385e+00
8.809727855907398819e+00 9.928028924709256131e+00
8.794437800874451483e+00 1.021866546738141679e+01
8.774803277714719130e+00 7.307208288522305750e+00
8.740167032233399524e+00 7.924778467633687207e+00
8.786224452747596558e+00 8.514719587292338687e+00
8.817568741376890173e+00 9.132705973483066231e+00
8.736952012290011282e+00 7.371682052723822487e+00
8.758935166781451898e+00 9.425410789188960692e+00
8.773649700959374798e+00 8.519506386883525906e+00
9.124714918886935422e+00 8.615031022462780186e+00
8.873624154274954989e+00 9.163313138359601595e+00
9.044592475416550315e+00 6.620448413658115427e+00
8.878431570273118467e+00 9.554662820999915596e+00
8.771584690728694511e+00 8.861106413268100113e+00
8.531249271488551500e+00 7.755717704631573284e+00
8.751961375858906322e+00 7.198471087944928293e+00
9.056466838808034936e+00 8.323343270153863216e+00
8.832164839850410232e+00 8.450669178107593993e+00
9.175350971265821443e+00 6.231966654003876727e+00
8.792446333384212664e+00 9.407292733063929546e+00
8.770274589726518855e+00 5.752970568237215865e+00
8.712172653640507747e+00 6.889924363843276112e+00
8.813441981440057305e+00 8.061296774532609177e+00
9.210112749997399817e+00 8.498059913387278286e+00
8.814358337119900355e+00 9.668930283185938279e+00
9.046528647372200638e+00 6.684858348373488468e+00
8.850715087658464597e+00 1.116487684045832651e+01
8.798903765161274038e+00 9.589776702052180468e+00
8.826040809186713076e+00 7.515164305048157800e+00
8.755150692296895798e+00 9.191501282244876947e+00
8.705191251863299229e+00 6.726626810695446324e+00
8.730218516270982221e+00 8.241706886435048673e+00
8.725075294861653674e+00 8.999347267980034815e+00
8.636974021949965774e+00 8.249266534854060140e+00
8.633835457081987741e+00 7.364394870404470161e+00
9.029577591540272508e+00 7.505946777686064664e+00
9.037235354474434601e+00 1.293420170598854746e+01
8.611789867310108093e+00 6.490435725658483257e+00
8.865286021075370115e+00 8.759433876969238142e+00
8.823042737743076458e+00 9.697530205859244745e+00
8.894935427359007107e+00 9.386770659692075469e+00
8.670533232759279230e+00 6.886533339733002634e+00
8.830403124930999326e+00 1.022129387158314273e+01
8.749195970320979399e+00 8.317985988308738143e+00
8.864275855016446215e+00 1.325669036058364370e+01
8.749821812260021758e+00 7.047438452082101179e+00
8.831665978795133043e+00 1.053038570298002163e+01
8.835773172274432596e+00 9.122766986867935302e+00
8.671696182331645630e+00 7.374047964465555438e+00
8.704574506200671635e+00 7.496033936294896449e+00
8.846041192033245792e+00 9.353114873078109071e+00
8.794638578740631374e+00 1.004474065321422671e+01
8.921431062127746614e+00 1.219546818949356037e+01
8.822827132089420488e+00 9.321412701838589498e+00
8.834357666594923941e+00 7.529309718049701949e+00
8.905454247195525141e+00 1.072696483104236265e+01
8.792380587182131890e+00 8.388538530376626667e+00
8.909053333649703532e+00 1.048873842430388237e+01
8.868616884488551122e+00 9.703588752091745206e+00
8.732452870645740717e+00 8.049650479107583578e+00
8.744801077150162527e+00 7.719216308989991226e+00
8.868212580407416112e+00 1.134209631604240087e+01
8.733155807458663489e+00 8.258504351130232735e+00
8.748222482696515812e+00 1.012547807384951959e+01
8.771269874285360757e+00 5.753147957274714841e+00
8.815702656509207813e+00 8.391672372199872498e+00
8.742257078763156386e+00 5.782676514688806613e+00
8.931559872029207980e+00 1.110004685754184450e+01
8.550593654446066338e+00 4.330570867472137486e+00
8.858472814312586152e+00 8.954588980187946134e+00
8.812392695941875687e+00 9.488114124568221897e+00
8.815660373957001639e+00 7.138004349102899937e+00
8.896086814093896677e+00 1.088540616829559760e+01
8.816370569565933124e+00 5.559780232362911079e+00
8.826196367478329918e+00 6.622911379589703884e+00
8.794412540925884869e+00 8.971577010864734802e+00
8.702134894741920590e+00 7.615195982912558392e+00
8.763596591776215305e+00 8.441529908789251024e+00
8.792903052542989428e+00 8.755083967415954405e+00
8.578832194309589099e+00 4.525403990675664012e+00
8.704357740797309617e+00 8.729769901581990510e+00
8.937087393487434639e+00 1.081975345733470917e+01
8.863051164105774760e+00 8.785091333134406710e+00
8.795780045347935783e+00 9.794756825330832584e+00
8.763998899768221662e+00 7.797194702018852119e+00
8.745840380628845168e+00 9.929486228967867589e+00
9.035133912289790459e+00 7.465914167375463428e+00
8.779108157314970740e+00 8.628365879435722974e+00
8.637177946937420359e+00 6.129167243894322326e+00
8.679555785473212381e+00 8.320817822486057835e+00
8.789884327947298459e+00 8.487469885192483687e+00
8.857857558354915284e+00 8.660293746425153927e+00
9.235857533073827952e+00 1.270953721779171630e+01
8.855059581182889161e+00 1.130056085150903655e+01
8.798240236266430259e+00 9.738777724522668322e+00
8.829731660164583218e+00 9.446510581372855597e+00
8.835202733718897861e+00 6.720437404450280816e+00
8.846348309430927870e+00 6.550352001042940131e+00
8.687147386685602157e+00 5.794069661894376111e+00
9.019819223099563743e+00 8.749338880729251144e+00
8.687505496212763134e+00 7.140173278208206575e+00
8.655912908092773250e+00 7.554393867507641858e+00
8.769055426014897847e+00 9.414100655936538331e+00
8.835467405925879092e+00 9.982833623784273414e+00
8.647932846662161666e+00 8.376369741692609949e+00
8.941946155955122322e+00 1.003634186894040425e+01
8.734088553110030517e+00 8.810662632428275742e+00
8.638699923282265658e+00 5.015344994614787666e+00
8.976301764547098827e+00 1.206497233203889152e+01
9.122307430162457820e+00 6.857403778276230710e+00
8.768763227352490475e+00 9.682639238725704089e+00
8.796655128845811689e+00 8.417343572482842262e+00
8.764945021364873412e+00 1.170552090253160848e+01
8.835464422450851174e+00 1.188121309842664530e+01
8.767126996078768997e+00 8.334504703552530813e+00
8.941524523442959449e+00 6.462785884989493468e+00
8.813831068518638290e+00 1.004052818301642702e+01
8.805173836377981900e+00 9.987800831257432677e+00
8.747179175167467235e+00 7.954756065656012787e+00
8.701717676882296360e+00 7.296725302496085419e+00
8.854877596930123218e+00 1.258839483746841026e+01
8.690569346503639991e+00 8.447866513509076469e+00
8.851483833768796217e+00 9.459399545847901436e+00
8.760597083295397880e+00 7.749495524617274533e+00
8.693715840371215364e+00 5.074335852732074770e+00
8.816057129923326130e+00 1.010816183990882067e+01
9.313439941202082295e+00 1.327871176566751288e+01
8.797714963892671491e+00 5.309925635795904597e+00
8.855203250169077833e+00 7.963394776379505657e+00
8.716380945243280109e+00 5.419882517864350824e+00
8.867179564711856088e+00 1.187375872764033957e+01
8.762957304028873295e+00 5.875842506967902779e+00
8.889497355992048711e+00 1.231863813552569731e+01
8.711673404167585844e+00 7.902265928893594804e+00
8.732678100881500427e+00 7.158869492887385277e+00
8.983750316965084082e+00 9.169264814919410256e+00
8.643234989293910431e+00 6.101803493239057019e+00
8.787483542067375808e+00 7.754148283360538407e+00
8.939274909981811845e+00 1.172663005763068611e+01
8.799865407287285279e+00 1.003191969218567792e+01
8.900102860028050955e+00 1.116008687835997470e+01
8.851358993654912410e+00 1.096002375266872164e+01
8.778658645454784804e+00 9.322321815889788255e+00
8.606543558633566349e+00 6.158925890454581165e+00
8.943516640547311880e+00 1.072774626523009545e+01
8.829373893355471736e+00 9.079243297113510636e+00
8.726101553808188527e+00 6.935415569058203999e+00
8.864848589428852677e+00 1.054658706096544840e+01
8.563473457268429456e+00 6.755572419505775805e+00
8.909214809969766335e+00 8.540920988303797756e+00
8.874515422821199095e+00 8.996392191093162793e+00
8.850590709452589522e+00 1.242428974331372693e+01
8.725841064872437158e+00 9.520404905803413698e+00
8.898419496578187093e+00 1.031277065355480360e+01
8.771376332807729881e+00 1.084155675156313237e+01
9.095526552484690441e+00 8.643283737966491742e+00
8.877709268759868877e+00 9.606470776779433507e+00
8.893108637196213806e+00 7.915451690059395418e+00
9.176998354393633761e+00 6.769403050261116661e+00
9.803911614621192427e+00 9.597962315111772114e+00
8.753103254299769986e+00 6.808987849233783862e+00
8.790632381734365453e+00 7.995048528183377634e+00
8.916020140825347440e+00 1.295901830578489822e+01
8.860217094031197504e+00 1.026628458539395616e+01
8.820612382845279598e+00 9.275513163366346348e+00
8.750778128628937225e+00 1.170075896525330528e+01
8.811471401987834184e+00 1.140528940053289020e+01
8.854482612728173052e+00 1.017362865373652703e+01
8.654086940260073746e+00 5.405513357213929559e+00
8.775702754323949861e+00 8.305044485811141186e+00
8.820562417091821317e+00 9.864287023167918278e+00
8.844316760123287935e+00 1.104687212082061265e+01
8.614453486625897938e+00 7.824157175724423041e+00
8.893438966139967761e+00 1.045917243566740851e+01
8.832148857296637345e+00 9.875675723071065448e+00
8.684281140889547501e+00 5.463878046965211510e+00
8.909940993582223356e+00 7.968431868757553715e+00
8.689412754083949864e+00 1.087265246711139000e+01
8.811667142029854460e+00 8.376055888058298038e+00
8.777241610360917434e+00 8.726705946464779373e+00
8.814772984950380419e+00 9.469098982134010356e+00
8.859321348697672960e+00 7.309530788513429300e+00
8.835875746183425861e+00 7.674446872559143706e+00
8.847924240789177830e+00 9.943803722633878905e+00
8.763742695304582497e+00 9.600387893191481226e+00
8.858321062017562753e+00 1.290013279634207066e+01
8.767173253526236110e+00 6.098881522708262892e+00
8.742386050856701729e+00 9.235056562796025048e+00
8.713077370986837877e+00 8.091326172016055196e+00
8.797786939328702260e+00 8.061975934620434714e+00
8.906987879520359641e+00 1.093464875341136278e+01
8.925524813672229385e+00 1.327569678232215367e+01
8.803042855035414505e+00 1.001566882663536084e+01
8.873065326267500552e+00 1.167272945110781990e+01
8.856711426434696222e+00 1.007352875906304135e+01
8.793933525686941977e+00 7.135115629926638725e+00
8.805337695854724700e+00 8.747951084129065080e+00
9.457214137303875390e+00 8.887749716638715825e+00
8.778573596795286704e+00 7.970585271202678790e+00
8.744830003833715892e+00 9.737202396639425217e+00
8.765911556575950669e+00 8.990785627049566742e+00
8.793517535941539620e+00 1.022729877647347507e+01
8.644777231824299690e+00 6.101029708748209046e+00
8.902029813667134306e+00 1.358276335200562102e+01
8.752703134633605941e+00 1.036098327336918068e+01
8.931549317875468574e+00 1.378407437510261069e+01
8.732045687101852138e+00 5.246592387837459626e+00
8.771952510512086576e+00 8.985609740974974002e+00
8.624507842324454998e+00 1.026056816356870449e+01
8.784577854248597717e+00 8.451172865922965016e+00
8.767395983776843593e+00 8.886225034838755477e+00
8.855294561809966325e+00 7.309071967985670604e+00
8.454356969595162141e+00 9.162548335618275530e+00
8.825145218661427648e+00 1.085876604036164395e+01
8.825385499019230195e+00 1.086937508905053207e+01
8.844971221667659478e+00 8.591214716230661352e+00
8.625835700775763115e+00 8.237583449265176938e+00
8.810056146368566488e+00 8.058364137968414553e+00
8.854030815783566766e+00 1.019824098049079986e+01
8.759142095293070085e+00 7.766351867419649224e+00
8.749212792619642798e+00 7.392390276045601283e+00
8.727140550968172761e+00 7.516565756801562692e+00
8.676856155577377550e+00 6.990406790706218843e+00
8.843004890970155074e+00 6.916605757411295130e+00
8.698155756972511199e+00 7.037498821285733008e+00
8.700436721441018761e+00 6.294414538173485951e+00
8.823783060147871282e+00 1.121818293961879931e+01
8.850987127224529516e+00 9.270671741735906579e+00
8.784958282242991245e+00 6.852951974115267575e+00
8.841652272548630620e+00 1.081634673173220840e+01
9.391310650302902019e+00 4.871864613125148402e+00
8.827070397620648379e+00 8.756297050948894878e+00
8.826431203337834930e+00 9.026491130192740187e+00
8.735269772775435371e+00 7.549127784493885329e+00
8.823024528478956796e+00 7.831059025615254576e+00
8.587416709003093729e+00 6.636814991597788094e+00
8.735176807754779560e+00 8.833235390491372740e+00
8.821832780140720587e+00 7.010316339323752644e+00
8.878040914730103594e+00 1.121893643556256492e+01
8.746781851295219568e+00 7.393206503723503076e+00
8.790793380696019454e+00 1.048217753035546451e+01
8.901467169712159233e+00 9.398866989345430412e+00
8.681879745914663715e+00 7.906976081653561472e+00
8.989094348244034194e+00 1.328881974523647891e+01
8.913026923675428037e+00 1.165634535684372430e+01
8.646788911079196893e+00 7.321486186566934506e+00
8.853563658090994437e+00 7.650389440374321559e+00
8.758370802078704997e+00 8.172975496379363491e+00
8.774948633480200044e+00 9.766699442336115311e+00
9.110287860703538243e+00 7.639472832469571095e+00
8.787191767316565816e+00 8.763649011174923231e+00
8.736920355964535645e+00 5.893723539618711982e+00
8.646752873212220081e+00 7.397340257900909322e+00
